4cbed542-f2bf-4d43-be08-03ba0d6fcddd;PILOTING2;4;6;2;1;0;10000;0;0;13;1;
3462f2b5-01ab-4b99-845a-669fa0579c9f;REACTOR4;3;3;2;2;0;8000;0;0;38;0;1;
79a18100-3713-40bb-a712-606c9cb6c6dc;OXYGEN1;14;7;2;1;0;1000;1;0;6;1;1;
1589b46b-d6a1-4426-9e3c-59ad980caa54;DOOR_CONTROL3;2;6;2;1;0;3000;0;0;1;1;1;
d6c7ab32-14c6-4aff-91fc-40e8531983d2;ENGINES3;8;7;2;1;0;1800;0;0;3;1;1;
8b7218d7-b0e4-40b3-86e8-ed1e1e10b66e;HYPERDRIVE2;6;7;2;2;0;3000;0;0;45;0;1;
46643318-df93-485e-8cce-ef11d9ca7add;SHIELDS4;11;4;2;2;0;4000;8;0;37;0;1;
81429bcd-d187-4cb8-815c-51f85c4b1f9d;Dual_laser4;6;4;2;2;0;1400;2;694;45;0;295.0;5736.0;3384.0;0;
c03fc0e9-ce26-44aa-996f-0ead5ec302ce;BOU_Heavy_flamer4;3;8;2;2;0;1400;1;479;40;0;295.0;5544.0;3336.0;0;
b7361499-e147-4250-b290-256c8991887d;BOU_Dual_emp1;11;7;2;2;0;900;2;760;39;0;293.0;5688.0;3336.0;0;
d5ec5b48-3820-4dcf-9fe0-c0c90c215412;WEAPONS_CONTROL1;4;7;2;1;0;2000;0;0;9;1;
4afdb48c-f680-4887-aff1-426d984259d7;SENSORS4;9;6;2;1;0;4000;0;0;14;1;1;
c479093a-8289-4d54-920c-b77f27d11d82;CAPACITOR3;13;4;2;1;0;6000;0;0;0;0;
6a8dbda5-dc0f-46ff-8c1c-79a5fd7ef253;BOU_TELEPORT2;11;6;2;1;0;1000;2;1600;16;1;1;
