2e325aa1-3039-4c86-94de-6d473117b6eb;PILOTING1;4;2;2;1;0;5000;0;0;1;1;
8ad8e72a-9518-4418-8ca7-dc87ac95a284;REACTOR4;2;5;2;2;0;8000;0;0;47;0;1;
2997646f-7688-4c86-ac86-6ef8be0f2865;OXYGEN1;5;4;2;1;0;1000;1;0;13;1;1;
e4106f21-bea7-4b59-8dbf-82204dc2de36;DOOR_CONTROL1;3;4;2;1;0;1000;0;0;16;1;1;
fa1ff5cb-6b10-4e07-a753-e75fbc8e8b3b;ENGINES3;8;4;2;1;0;1800;0;0;14;1;1;
f7bb1c23-4bcf-4702-9423-bd01988a4264;HYPERDRIVE3;11;5;2;2;0;4000;0;0;39;0;1;
067bc802-5326-4792-8f33-d13186fff9e7;SHIELDS3;6;5;2;2;0;3000;6;0;51;0;1;
d52dbdfa-18e1-4ad5-873d-f6ec8c127f0d;Dual_laser1;11;2;2;2;0;800;0;0;37;0;0.0;0.0;0.0;0;
2536c55e-3c2b-4e0f-85b1-7d35dae1f4ca;BOU_Heavy_Dual_laser3;2;2;2;2;0;1700;0;0;47;0;0.0;0.0;0.0;0;
176198dc-4857-4e58-93cf-40f9e8c1088c;WEAPONS_CONTROL1;4;6;2;1;0;2000;0;0;1;1;
40092b25-0995-4cba-b561-43e96a8155de;SENSORS3;12;4;2;1;0;2000;0;0;1;1;1;
a6952727-7f17-459f-98ed-767baaca965c;MEDICAL3;10;4;2;1;0;6000;3;0;15;1;
