0a26bbb7-6842-491c-8129-8129ad379b56;PILOTING2;15;6;2;1;0;10000;0;0;1;1;
cc169dea-8a9a-48c3-86a0-38163d325de0;REACTOR4;13;7;2;2;0;8000;0;0;37;0;1;
ede411ae-9afb-49b7-b105-438b73dac46d;OXYGEN1;11;4;2;1;1;0;1;0;1;0;1;
55b85f72-6a1f-47f0-958e-9a2f7600d585;DOOR_CONTROL2;9;6;2;1;0;2000;0;0;14;1;1;
6815082a-df9a-44f2-b128-1667553ccae8;ENGINES4;11;6;2;1;0;2000;0;0;1;1;1;
543e31bb-2465-4597-a068-32b293d21755;HYPERDRIVE3;9;4;2;2;0;4000;0;0;37;0;1;
5b655e7e-fb71-4de5-b315-9e9fb024783b;SHIELDS4;3;3;2;2;0;4000;8;1328;38;0;1;
cc69d02a-93af-4353-9de2-9aa1a2191598;Emp2;9;7;2;2;0;1100;2;980;39;0;110.0;2328.0;11592.0;0;
5448eb84-03e8-46c2-b907-cdcd4fa4e99b;BOU_CAN_OPENER2;3;8;2;2;0;1200;2;706;40;0;110.0;2171.52;11531.52;0;
4b2fcef1-c3ab-4fb4-af32-a5f51e4d06bb;CAN_OPENER3;13;4;2;2;0;1500;2;1140;38;0;114.0;2030.4;11609.76;0;
92d0e423-e602-4cae-8c97-b77ba02ab465;WEAPONS_CONTROL2;13;6;2;1;0;4000;0;0;1;1;
9614cd59-372d-40f3-8b97-1961b044c8da;SENSORS3;4;7;2;1;0;2000;0;0;6;1;1;
a63036c5-c1c6-4dba-8f99-66994f95ab04;CAPACITOR2;4;6;2;1;0;4000;0;0;0;0;
cf353d0f-5829-4a72-985e-a13db4398735;BOU_TELEPORT2;2;6;2;1;0;1000;2;1600;1;1;1;
