62322844-3125-4d5e-bdaa-2c3f01fd9479;PILOTING3;18;12;2;2;0;10000;0;0;37;0;
c21702f6-43cd-40cb-9977-21ebf99b8c3c;SHIELDS4;11;4;2;2;0;4000;0;0;55;0;1;
94283323-a603-4e1b-acdb-cbf0082cc601;REACTOR3;5;12;2;2;0;5000;0;0;48;0;1;
21ba4b1d-3baa-48a6-a1b7-3a3666b0e059;Basic_laser1;2;11;2;1;0;800;0;0;8;0;0.0;0.0;0.0;0;
713794ad-1dbc-4f06-b690-7803c569be26;Basic_laser1;11;10;1;2;0;800;0;0;21;0;0.0;0.0;0.0;0;
7a327470-46ea-4fd7-adb1-189057c7c7c9;Basic_ML1;11;6;1;2;0;800;0;0;19;0;0.0;0.0;0.0;0;
63366ca0-69d4-449e-96fa-16931226f6eb;CAPACITOR4;8;2;2;2;0;12000;0;0;0;0;
669f8952-5a3c-4010-8c0a-5bd726f2ea40;OXYGEN3;13;3;1;2;0;1000;3;0;26;0;1;
0ad241d6-9f40-4f39-9bb6-6b37eb0458b7;SENSORS3;10;3;1;2;0;2000;0;0;26;0;1;
65ccad65-0b26-4d44-9616-de7e690db61e;DOOR_CONTROL3;11;2;2;2;0;3000;0;0;45;0;1;
d36b1faf-9486-4abf-9ddc-65ec8f18dcce;MEDICAL3;16;12;2;2;0;6000;0;0;50;0;
0bc1a89c-bf8d-4ad6-b0e1-d2f9bbcc5f02;REPAIR2;8;4;2;2;0;2000;0;0;37;0;
3589cc90-54eb-49e0-ab2e-424f42157515;CAPACITOR2;12;13;2;1;0;4000;0;0;0;0;
0fe381ca-1eab-4059-b2b6-eed1f39dc41b;WEAPONS_CONTROL1;2;12;2;2;0;6000;0;0;47;0;
