e2772b95-709b-4518-93ec-1ac7f519b351;PILOTING3;3;4;2;1;0;10000;0;0;16;1;
80ed5fee-063c-4398-838e-2a0a40c7cead;REACTOR3;6;2;2;2;0;5000;0;0;52;0;1;
dae1af24-b81f-475c-9457-c043a12ee17d;Dual_laser1;2;2;2;2;0;800;0;0;47;0;0.0;0.0;0.0;0;
f9d3dc97-c45f-440a-8799-809818c16143;Dual_laser1;11;5;2;2;0;800;0;0;39;0;0.0;0.0;0.0;0;
e89212bc-5a03-4039-b294-23be259ae9fd;CAPACITOR3;10;4;2;1;0;6000;0;0;0;0;
7ac30fb0-a2ff-4d83-9b9f-8b74699648b4;OXYGEN1;8;4;2;1;0;1000;1;0;14;1;1;
55d03ab7-7119-44de-bc44-0ccd798fcfc0;SENSORS1;5;4;2;1;0;1000;0;0;13;1;1;
34db91a1-b99d-4b70-9331-bacddb3a666a;DOOR_CONTROL1;4;2;2;1;0;1000;0;0;1;1;1;
64994f99-e221-4f7d-85d5-823be2310784;HYPERDRIVE1;8;2;2;2;0;1000;0;0;37;0;1;
82ea6360-d90f-4c90-bafe-7dcb1f176d12;MEDICAL1;4;6;2;1;0;2000;1;0;1;1;
a47c6822-84c4-4bf7-a042-b1e21bb99778;ENGINES2;1;4;2;1;0;1400;0;0;1;1;1;
02b2fa68-9dbf-4609-9f30-c09444d07973;SHIELDS3;11;2;2;2;0;3000;6;0;37;0;1;
47c6433f-85bd-436f-b5f7-eb1822ca7ed9;REPAIR2;6;5;2;2;0;2000;1;0;51;1;
eb9f8594-dfba-4074-9730-2fefc9bf6650;REPAIR1;12;4;2;1;0;2000;1;0;1;1;
