b85ba737-ad50-4f37-abc5-13ffc3179b76;PILOTING3;13;12;2;2;0;10000;0;0;46;1;
53a4a639-004a-4c84-affc-ddbde229e70e;SHIELDS3;3;15;2;2;0;3000;6;0;37;0;1;
c847fecf-ccd3-4af9-bd1b-7e70477602f8;MIS_SHOP;14;10;2;2;0;10000;0;0;58;1;5;18;
7bad8200-7735-4326-923a-80c93720dfa5;DRONE_SHOP;12;10;2;2;0;10000;0;0;64;1;4;6;
ab440ad5-fb8e-4918-9210-e2d7460abb3d;MEDICAL3;3;18;2;2;0;6000;3;0;47;1;
87d9e5c1-7b03-4861-8929-c927ad376309;OXYGEN2;4;8;1;2;0;2000;2;0;19;1;1;
8c24de2b-d28f-46fd-9a51-adf80b712ecf;OXYGEN2;10;10;2;1;0;2000;2;0;1;1;1;
c80f0948-9f70-4884-a635-f6ac31935646;SENSORS3;15;12;1;2;0;2000;0;0;19;1;1;
9a38c586-62c1-48a9-9ec4-5df4426924ca;SENSORS3;12;12;1;2;0;2000;0;0;19;1;1;
9e6352f6-d1da-4319-9f08-8aca8ae9c8fa;DOOR_CONTROL2;5;3;1;2;0;2000;0;0;21;1;1;
e0adf2bf-1a32-487b-a333-7420c0379bfa;WEAPONS_CONTROL1;6;18;2;2;0;6000;0;0;48;1;
d23d5a1b-eef1-4641-b49d-97e6b96d97f5;SYS_SHOP;3;2;2;2;0;10000;0;0;52;1;177;DOOR_CONTROL2:CAPACITOR2:CAPACITOR5:MEDICAL2:Basic_ML1:none:DOOR_CONTROL1:;
85044195-e6d0-47a9-a784-fe4a6c7146b9;REPAIR1;15;8;1;2;0;2000;1;0;19;1;
a9cd841b-f45f-4c39-9c10-01f63f9949bb;REACTOR3;6;15;2;2;0;5000;0;0;48;0;1;
992530e3-dc7c-4826-ad1b-b336006ec4ed;Quad_laser2;7;11;1;2;0;3600;4;3520;19;1;235.0;3240.0;2664.0;0;
c577f1f9-3748-4959-8d42-efc0d538ae20;Basic_laser3;4;4;1;2;0;1200;1;480;21;1;236.0;3096.0;2712.0;0;
a51c1530-9d6f-40de-a000-ab89eaa1bdf3;CAPACITOR2;4;10;2;1;0;4000;0;0;0;0;
454e75e8-4b44-4f30-955a-976d28923bb5;CAPACITOR2;6;10;2;1;0;4000;0;0;0;0;
5af31293-8fc7-4c31-8157-fc9d2754aa21;CAPACITOR2;8;10;2;1;0;4000;0;0;0;0;
03de5f70-3dd2-41cd-9379-fc255224e35a;CAPACITOR2;12;8;1;2;0;4000;0;0;0;0;
