353c93c6-bc09-4e2d-bb50-480545e464a9;PILOTING3;1;4;2;1;0;10000;0;0;1;1;
646d753d-2b78-44d4-afeb-c8f8d4f18f82;SHIELDS2;8;5;2;2;0;2000;4;0;39;0;1;
f8b7fc6f-5574-49f5-a9dc-de8cb079fcd7;REACTOR3;11;5;2;2;0;5000;0;0;39;0;1;
bb89087c-89a0-4fb9-b3d6-3265e03238c4;SYS_SHOP;2;5;2;2;0;10000;0;0;47;1;94;HULL_BEAM3:none:Advanced_ML5:Napalm3:PLASMA_CUTTER3:none:OXYGEN1:none:none:CAPACITOR1:;
f3983bb6-41b6-4eb7-88fc-1cc70b000863;REPAIR1;12;4;2;1;0;2000;1;0;1;1;
8a708c67-e8c8-4cc7-866b-442ff005d9d5;MEDICAL2;4;2;2;1;0;4000;2;0;1;1;
9ba9782d-35e5-43e1-9d8d-931c9b43587b;ENGINES4;3;4;2;1;0;2000;0;0;16;1;1;
95a0d4b2-c0a6-4155-9f44-677d29a2723f;OXYGEN1;8;4;2;1;0;1000;1;0;14;1;1;
83956fbe-b2fa-45f2-b32e-834609c45add;HYPERDRIVE2;6;2;2;2;0;3000;0;0;52;0;1;
e126cc5c-24ee-440a-a808-d4068802dc22;CAPACITOR3;10;4;2;1;0;6000;0;0;0;0;
f16991b0-a277-4b45-8130-47b9b0ea102f;SENSORS1;4;6;2;1;0;1000;0;0;1;1;1;
a4c69d3d-7cbf-4f77-8d7d-a6b454180bb1;DOOR_CONTROL1;5;4;2;1;0;1000;0;0;13;1;1;
7b84c1a7-c483-4a08-ad11-0c5def9c64dd;Dual_laser1;6;5;2;2;0;800;0;0;51;0;0.0;0.0;0.0;0;
1ea7376e-43da-43c2-862b-bc44a086d90a;Heavy_laser3;11;2;2;2;0;1200;0;0;37;0;0.0;0.0;0.0;0;
