424678ab-a631-4b2a-9102-a297daeac907;PILOTING1;4;7;2;1;0;5000;0;0;1;1;
d6bbc57c-4b89-4416-98b7-927140a28d6f;REACTOR4;9;4;2;2;0;8000;0;0;59;0;1;
f23cc7a5-7bf9-4f62-88fa-1ac9343a090b;OXYGEN2;11;4;2;1;0;2000;2;0;1;1;1;
8d305e31-a97a-40bd-8055-5cc1c5ee0d61;DOOR_CONTROL1;3;5;2;1;0;1000;0;0;14;1;1;
7826c9f7-adae-4b26-b555-8cc20542b303;ENGINES4;4;3;2;1;0;2000;0;0;1;1;1;
d70fe963-3281-4176-8d34-4e1b3a3364ef;HYPERDRIVE1;12;5;2;2;0;1000;0;0;40;0;1;
1cefc419-0693-4946-9608-a41461a117c6;SHIELDS2;14;4;2;2;0;2000;4;0;37;0;1;
bb89102a-d11e-411b-995e-b4941eb7981a;Hull_Breaker2;7;5;2;2;0;1700;0;0;51;0;0.0;0.0;0.0;0;
638f0407-3d80-4742-b276-a7a2041eae7f;Napalm2;2;6;2;2;0;1700;0;0;47;0;0.0;0.0;0.0;0;
44e8eb4b-7227-4077-a058-553498e750d5;BOU_Pierce_laser1;2;3;2;2;0;1300;0;0;47;0;0.0;0.0;0.0;0;
aa29146c-80fb-4948-afa7-db1e62504f54;WEAPONS_CONTROL1;5;5;2;1;0;2000;0;0;1;1;
0edbbbf7-3627-47fe-8d92-db3b858183d7;SENSORS2;7;4;2;1;0;2000;0;0;2;1;1;
