0bddf219-9103-45db-8341-456f49751c7a;PILOTING1;6;6;2;1;0;5000;0;0;13;0;
a150c08f-98dd-49e6-b32a-3b91884baf6f;REACTOR4;13;4;2;2;0;8000;0;0;38;0;1;
d0dfc9a2-20e3-49a4-bdf4-a1f371c2de12;OXYGEN3;11;4;2;1;0;1000;3;0;1;0;1;
f236447a-4093-49ef-ab0e-5dbc65946843;DOOR_CONTROL4;4;7;2;1;0;4000;0;0;6;0;1;
954bcc92-9c04-4480-a146-86de05de3b5f;ENGINES5;11;6;2;1;0;2200;0;0;1;0;1;
3838b33d-4a2e-40eb-8a52-7c97c8d7bb86;HYPERDRIVE4;3;3;2;2;0;5000;0;0;38;0;1;
5dad4ad3-89ab-486d-9272-b1626dc38580;SHIELDS5;3;8;2;2;0;5000;0;0;40;0;1;
fd57c070-37e8-49ae-bf68-2206df311dfc;Plasma_Burst2;9;7;2;2;0;2200;0;0;39;0;0.0;0.0;0.0;0;
3a0ae284-03bb-4656-8926-54f8ede20119;Heavy_flamer3;9;4;2;2;0;1200;0;0;37;0;0.0;0.0;0.0;0;
2570b514-8492-4ae3-83dc-9d28da19caa0;Heavy_Dual_laser4;13;7;2;2;0;2100;0;0;37;0;0.0;0.0;0.0;0;
f12806be-1737-411f-a518-55f5d5e5d0e8;WEAPONS_CONTROL1;15;6;2;1;0;2000;0;0;1;0;
3860b4f4-640f-4b4c-a54a-955e0c2b06d4;SENSORS1;7;5;2;1;0;1000;0;0;2;0;1;
c2a6897c-9607-4c9e-a6df-deea12b15c3a;CAPACITOR4;4;5;2;1;0;12000;0;0;0;0;
61516c3a-d1bc-4086-ba09-81b74123f849;BOU_TELEPORT2;13;6;2;1;0;1000;0;0;1;0;1;
