16936784-d6b4-4930-86a4-b0812fa3a42d;PILOTING2;4;5;2;1;0;10000;0;0;7;1;
624658f5-4377-4407-96b2-580b50b84d53;REACTOR4;9;7;2;2;0;8000;0;0;39;0;1;
d991f111-b75f-442f-a77f-fa356a018471;OXYGEN3;11;4;2;1;0;1000;3;0;1;1;1;
8e2758a7-bea5-47a1-aedb-d425e4772067;DOOR_CONTROL2;11;8;2;1;0;2000;0;0;1;1;1;
f4567bce-7e49-4328-a545-e34bd3a86c25;ENGINES6;6;6;2;1;0;2400;0;0;13;1;1;
a4d01294-23c8-493a-9c25-06534dcc5266;HYPERDRIVE4;13;7;2;2;0;5000;0;0;37;0;1;
d107d1ec-45d3-4e9b-8a88-545a659a9def;SHIELDS2;3;3;2;2;0;2000;4;0;38;0;1;
d7037f2f-35a8-4755-ad0f-2449f674cd6e;BOU_Heavy_laser4;3;8;2;2;0;1400;0;0;40;0;0.0;0.0;0.0;0;
7836e3f6-da14-41df-9556-b747c9826905;Advanced_ML4;9;4;2;2;0;1600;0;0;37;0;0.0;0.0;0.0;0;
2883435b-af52-43e0-a137-8a8181cce403;WEAPONS_CONTROL2;2;6;2;1;0;4000;0;0;1;1;
d81fe1d5-8be6-4543-aea5-56ff0afc4d04;SENSORS1;4;6;2;1;0;1000;0;0;15;1;1;
c3061bfe-e081-4d34-b0d9-7353c2f8f41c;CAPACITOR2;7;5;2;1;0;4000;0;0;0;0;
