5971cfa9-f52e-4a16-8ff4-4e8ae8948c2d;PILOTING3;1;4;2;1;0;10000;0;0;1;1;
1f05de96-7baa-4824-b40e-3db132b77ea4;REACTOR3;6;2;2;2;0;5000;0;0;52;0;1;
2cb9072e-2429-49d1-b051-4c4c440fba25;Dual_laser1;11;5;2;2;0;800;0;0;39;0;0.0;0.0;0.0;0;
ffded1a8-c6e0-42ce-add8-8fd44f6f5c32;Dual_laser1;6;5;2;2;0;800;0;0;51;0;0.0;0.0;0.0;0;
3c1a6e73-1e0b-4567-8f6c-88e72c2997ca;CAPACITOR3;4;6;2;1;0;6000;0;0;0;0;
27f1e35e-f082-4aa3-838f-b919e397b22c;OXYGEN1;4;2;2;1;0;1000;1;0;1;1;1;
b4602db0-275f-4e25-b45c-3c6ec3c466aa;SENSORS1;3;4;2;1;0;1000;0;0;16;1;1;
5b45b38a-b551-4988-900b-026d10364eda;DOOR_CONTROL1;12;4;2;1;0;1000;0;0;1;1;1;
559f49c5-7cd1-47be-bab8-0e72fb60ddfe;HYPERDRIVE2;2;5;2;2;0;3000;0;0;47;0;1;
668ced85-74f2-474c-b27f-8c391972807e;MEDICAL1;8;4;2;1;0;2000;1;0;14;1;
e8b2b768-0937-4312-9d00-e054eb06e5c5;ENGINES3;10;4;2;1;0;1800;0;0;15;1;1;
1d925b03-2077-4710-ab69-ce8f3017b473;SHIELDS3;8;2;2;2;0;3000;6;0;37;0;1;
c3a95aa9-d559-4436-b5f2-eb3bf600b966;MIS_SHOP2;5;4;2;1;0;10000;0;0;13;1;2;8;
