526e0f6e-3e51-4fac-a08c-371c12f04669;8846.698575846454;11354.484187340737;0.0;0.0;229;3;Unhealthy Cruel;1;none;0;0;0;
04b66dad-cef6-4224-92ec-e9b4165284fe;8808.557088146199;11107.719464714317;0.0;0.0;164;3;Unhealthy Cruel;3;none;0;0;0;
03d182a2-c210-49e3-b802-2e8a329c93c4;8275.230116315795;11040.616834305112;0.0;0.0;189;3;Unhealthy Cruel;3;none;0;0;0;
0b938caa-b228-46bf-9671-6c584d6b5d2a;1795.266661530998;11925.147424377337;0.0;0.0;0;4;Wide-Eyed Tuaxxokeo;3;none;0;0;0;
1ddddc72-ca5d-4cb2-9227-b9decc1bf83c;1993.9501846506098;11458.702599939783;0.0;0.0;192;4;Wide-Eyed Tuaxxokeo;1;none;0;0;0;
3b3b5b02-7ed6-4243-8e47-1485b94cf324;2135.5302192629315;11584.0639423472;0.0;0.0;0;4;Wide-Eyed Tuaxxokeo;2;none;0;0;0;
5fef5462-6edd-4fe3-a5c0-0bdb0f808c5c;1817.4957171317283;11605.253368190635;0.0;0.0;0;4;Wide-Eyed Tuaxxokeo;2;none;0;0;0;
4a766976-5069-41ab-ad9a-44249210e4d9;2084.852932654459;11661.288474827967;0.0;0.0;125;4;Wide-Eyed Tuaxxokeo;0;none;0;0;0;
cdf033de-7810-432c-b33c-d74b3011958a;1766.3682990581904;11874.533940478834;0.0;0.0;222;0;Wide-Eyed Tuaxxokeo;3;none;1;0;0;
984492ba-be46-42f6-bf7a-ff8ccf543581;5630.90940819067;6047.822491100745;0.0;0.0;0;6;Flimsy Marius;0;none;0;0;0;
260bc9ea-862c-473d-af81-c24ca743499b;6114.8484301668495;5172.741449467694;0.0;0.0;357;6;Flimsy Marius;2;none;0;0;0;
5538002f-69c4-4851-9472-a076c1c645bf;5783.962613436076;5478.556722269144;0.0;0.0;3;6;Flimsy Marius;2;none;0;0;0;
86fa32f5-1474-4572-bbfb-c0b6faa00bc4;5039.256523464529;8326.301785973379;0.0;0.0;55;6;Experimental Abdiel;3;none;0;0;0;
0a4c2f86-47cc-45cf-9e6b-f26f5012aff4;5100.549039226409;8549.85133549818;0.0;0.0;165;6;Experimental Abdiel;0;none;0;0;0;
de211ab1-4306-4819-9782-2a5f16aa17ad;5368.765931117215;8687.141808487711;0.0;0.0;165;6;Experimental Abdiel;2;none;0;0;0;
d9e2b0b8-9ca5-4156-b65a-235164b6dd9a;11875.629328779118;3295.554100095875;0.0;0.0;171;8;Futuristic Avonmora;1;none;0;0;0;
00433e2a-fede-4572-87a1-8eb35186ec18;11031.542208578738;3343.7353311459397;0.0;0.0;108;8;Futuristic Avonmora;3;none;0;0;0;
a05bc5fa-decb-43f9-a48c-83fc51a6ad3b;11019.31992872096;3142.064149871488;0.0;0.0;71;8;Futuristic Avonmora;0;none;0;0;0;
866604b6-9825-4527-bb8e-efec446ebaf1;13370.381002185484;9749.142739856736;0.0;0.0;45;3;Rough Measure;3;none;0;0;0;
ee0fa305-f55d-4588-b465-3f8f9fb51e69;12502.035053795285;9807.75332279261;0.0;0.0;140;3;Rough Measure;1;none;0;0;0;
c1a79ca0-1fc1-4319-8e96-24fcceb876e0;12622.285646994747;9831.160224030908;0.0;0.0;45;3;Rough Measure;0;none;0;0;0;
ac5eb610-4cca-449b-94b6-856b12ec1fe5;12774.551787472583;9381.498608634574;0.0;0.0;295;3;Rough Measure;3;none;0;0;0;
f992696c-600e-44a6-ad12-0b8e29b4c270;13274.208526307588;9068.977444941762;0.0;0.0;0;3;Rough Measure;0;none;0;0;0;
619971e0-efb9-46b4-8831-248e3407ee00;3952.8293945908017;9422.393936724653;0.0;0.0;255;11;Addicted Zrerkuam;3;none;0;0;0;
64a7d85b-d4bc-4842-b578-f5adf0f8f178;3672.30244804789;9118.77269729027;0.0;0.0;279;11;Addicted Zrerkuam;1;none;0;0;0;
3066f809-30da-48e1-a713-5e20b2624a7a;3492.9026720176134;9291.592936172745;0.0;0.0;22;11;Addicted Zrerkuam;0;none;0;0;0;
c59c7442-c359-487e-8c12-1b91f86d9bac;4051.7243666110417;9878.691685686561;0.0;0.0;105;11;Addicted Zrerkuam;0;none;0;0;0;
6d03c451-ce1b-4c2b-86b1-0d0985d74fe4;3789.3693725159264;9756.967515038637;0.0;0.0;166;11;Addicted Zrerkuam;2;none;0;0;0;
ffc57e3e-bc0c-462e-80ce-a3eb8a4399e3;2110.464110843091;10669.340022932445;0.0;0.0;204;3;Mysterious Sort;3;none;0;0;0;
71f80336-af12-4e45-8d15-35a2857900db;2505.8573609908003;10211.586927206266;0.0;0.0;79;3;Mysterious Sort;3;none;0;0;0;
d1e195a4-0c12-444f-ae4d-138b81e27344;1807.9095191713973;10022.98976350775;0.0;0.0;90;3;Mysterious Sort;3;none;0;0;0;
0173e15a-8b56-4396-a4c2-9805ed6ec94a;2089.642619522461;10035.027927617908;0.0;0.0;0;3;Mysterious Sort;3;none;0;0;0;
144aaef6-1557-4899-91fa-49a97901bb35;1831.9112574807107;10343.194257928659;0.0;0.0;201;3;Mysterious Sort;0;none;0;0;0;
1b6303d7-361a-432d-afc1-fbb3b9f8a292;2535.6764370414066;10216.183642683574;0.0;0.0;0;0;Mysterious Sort;3;none;1;0;0;
7a1a52af-e93a-4601-8037-680a0394dfa3;2577.1624698042438;10215.205515963688;0.0;0.0;39;0;Mysterious Sort;4;SHIP_SYSTEM:OXYGEN1:;0;0;0;
796d541f-7fc8-4735-b191-583bc73cab24;6110.2974506527435;2349.570338843508;0.0;0.0;244;9;Piquant Pirenei;2;none;0;0;0;
7d5bcc55-c7b1-4da6-b041-21327d50519f;5816.524788793866;2518.598396457964;0.0;0.0;313;9;Piquant Pirenei;1;none;0;0;0;
9c69ffb4-0c29-4584-8a2b-244ab13ddbf3;5892.461384852757;2613.8639514242573;0.0;0.0;65;9;Piquant Pirenei;1;none;0;0;0;
837f37a1-ecb5-42d5-a674-3c69995b089f;6030.374623842874;2902.7044956714876;0.0;0.0;65;9;Piquant Pirenei;2;none;0;0;0;
39733e7e-0d5c-47f1-a1bf-5949e33d952d;6139.855610551283;2425.242407313249;0.0;0.0;44;9;Piquant Pirenei;1;none;0;0;0;
a03ec294-8e0e-453c-9b96-9af6c0da8702;6410.034293694203;2475.641836342572;0.0;0.0;243;0;Piquant Pirenei;4;SHIP_SYSTEM:WEAPONS_CONTROL1:;0;0;0;
4d9cc6ed-c98d-432a-baec-d4755f4edd53;5352.005587311873;7900.360309711045;0.0;0.025766214321789927;351;9;Organic Scale;0;none;0;0;0;
00ec150b-c8a1-47b3-b6ba-c6f654774b2e;4906.408010533522;7402.987787427736;-0.07738740046463569;-0.06061407857380322;351;9;Organic Scale;1;none;0;0;0;
15309b73-7eea-41d8-816b-f452e7ba2a93;5813.851367666166;7528.350220724914;0.08021121920866484;-0.038841979752177444;54;9;Organic Scale;0;none;0;0;0;
ae0c1f89-352a-4201-91eb-8be08d17a450;5411.824946021029;7679.803612382023;0.010389991662659434;-0.012538579895437756;57;9;Organic Scale;1;none;0;0;0;
59ed8e87-f7a1-4660-8744-3fd605824cf1;5774.977753447685;7824.071991367316;0.07345991303138298;0.012516975596674602;5;9;Organic Scale;2;none;0;0;0;
ea816601-729b-4ef6-b02d-3019fcf41131;4950.281293267516;7895.500311062433;-0.06976778570293558;0.02492216265441515;306;0;Organic Scale;0;none;1;0;0;
7c656a30-e9b0-4f0d-8c4d-745e73e18765;11622.508733894721;11489.39852167866;-0.9781071024920832;-1.8907834967344967;162;10;Hapless Themistoli;0;none;0;0;0;
257d7298-cfba-4ffc-9385-e74a49323d52;11627.3928517746;11667.018076073144;-0.9051631716169428;0.7619511047841702;60;10;Hapless Themistoli;3;none;0;0;0;
8fa57bcc-1b02-48b9-a5d1-2e4d8273b581;11510.208995102663;11728.681183419838;-2.655295201802305;1.6828849459559494;198;10;Hapless Themistoli;0;none;0;0;0;
921b6445-f2e2-41b4-9faa-a5c2006e01ab;11546.848426780894;11551.08173529401;-2.108088062790203;-0.9695493699621859;9;10;Hapless Themistoli;1;none;0;0;0;
eb671d02-8a82-4cc4-b081-203ab948500e;11566.606930679918;11753.313997641902;-1.812996302505975;2.05077416199645;6;10;Hapless Themistoli;2;none;0;0;0;
0113a6ef-46a2-4344-b196-3e0570cc1c10;11866.302166750525;11431.243243876559;2.6629293653918142;-2.7593281691524614;264;0;Hapless Themistoli;3;none;1;0;0;
6f71724f-e54d-4a96-b4a7-7dc78a164137;12720.0;8856.0;-1.6312722544875458;1.7057242957254903;0;12;Abortive Egoria;0;none;0;0;0;
8cce26fe-0bf9-4c6f-a74b-0105b4ab8071;12720.0;8856.0;-0.7147000276621185;3.50393759443161;0;12;Abortive Egoria;2;none;0;0;0;
a5521ae1-23f0-44d4-b9ab-963556e9231c;12720.0;8856.0;-1.7362016093185617;-2.2168447273847303;0;12;Abortive Egoria;1;none;0;0;0;
a3c69bb3-a316-485e-95c6-7bd3784d8619;12720.0;8856.0;-1.8260169146226202;3.6716982529506073;0;12;Abortive Egoria;1;none;0;0;0;
acb14316-0f82-43ee-9798-1037f36d8896;12720.0;8856.0;0.7513511368103154;3.5768813494023135;0;12;Abortive Egoria;1;none;0;0;0;
3e11b713-61bc-4850-ba48-54bc43f028c7;12720.0;8856.0;-1.1747552642380343;0.9124772969298955;0;0;Abortive Egoria;0;none;1;0;0;
