28e381c4-4353-44db-86ea-69e0e78f9018;PILOTING3;10;4;2;1;0;10000;0;0;15;1;
e11c64d6-adc9-48ae-af87-e8e426cdb314;REACTOR3;6;5;2;2;0;5000;0;0;51;0;1;
d1aef5a7-607c-4ebc-8b24-80569eec0625;SHIELDS3;2;5;2;2;0;3000;6;0;47;0;1;
4c8f520b-a41d-4f10-81f4-bafa128003bb;Dual_laser1;11;5;2;2;0;800;0;0;39;0;0.0;0.0;0.0;0;
5ae17055-52c2-42d3-af0b-de4852c613cb;Dual_laser1;11;2;2;2;0;800;0;0;37;0;0.0;0.0;0.0;0;
7cbae558-2c9a-4996-bd69-8273f43cd948;CAPACITOR3;8;4;2;1;0;6000;0;0;0;0;
c34c3215-db93-47c3-8e1a-86f8b17e99bc;OXYGEN1;1;4;2;1;0;1000;1;0;1;1;1;
be6093e4-2918-4acf-a7d5-df3298ae37f1;SENSORS1;4;2;2;1;0;1000;0;0;1;1;1;
649adae9-5c40-4fdc-8ccc-87fb96ea975c;DOOR_CONTROL1;3;4;2;1;0;1000;0;0;16;1;1;
a6b7b80a-26ec-44d5-801c-b1d925e278d7;HYPERDRIVE2;8;5;2;2;0;3000;0;0;39;0;1;
46e67cc6-9976-4eb8-b87c-f6c6338d3fa6;REPAIR1;4;6;2;1;0;2000;1;0;1;1;
95cc6b5d-1331-4c66-9b4c-3b0740bf0495;MEDICAL1;12;4;2;1;0;2000;1;0;1;1;
ba857fc0-f981-42ab-a5cc-a445aff1098e;ENGINES3;5;4;2;1;0;1800;0;0;13;1;1;
95786509-c719-4096-a6fb-809c437ec2de;MIS_SHOP;6;2;2;2;0;10000;0;0;52;1;3;29;
