08fdce22-f3ad-4f61-85a2-2366184ac7f3;PILOTING3;8;2;2;2;0;10000;0;0;47;1;
50968614-79a1-4ac4-a7b3-26dad19717c3;PILOTING3;8;4;2;2;0;10000;0;0;47;1;
703099f4-c864-49fd-9232-b77aa5914740;Railgun1;11;12;1;2;0;2000;0;0;20;0;0.0;0.0;0.0;0;
d6b4270b-c2ee-4d1e-b32c-d18948a01c5b;Railgun1;11;6;1;2;0;2000;0;0;19;0;0.0;0.0;0.0;0;
e30767f8-1b3a-48a4-8b55-e78e74c60f8b;Railgun1;4;13;1;2;0;2000;0;0;31;0;0.0;0.0;0.0;0;
1bac471f-8dd7-4930-8114-970943898040;SYS_SHOP;5;12;2;2;0;10000;0;0;48;1;151;Basic_laser3:MEDICAL3:DOOR_CONTROL2:Triple_laser3:MEDICAL1:none:;
11c316f0-3829-4165-aafb-2226d132d8f2;SENSORS4;11;8;1;2;0;4000;0;0;19;1;1;
ae8a3fde-49cd-47e5-83e3-08a31fb0bedd;DOOR_CONTROL2;7;10;2;1;0;2000;0;0;1;1;1;
9a0ceb3d-a24f-458a-b66b-d1e11b2f6068;OXYGEN2;12;2;2;1;0;2000;2;0;1;1;1;
5d6c366d-0ea1-479c-82cc-b33993d0b305;OXYGEN2;14;13;2;1;0;2000;2;0;1;1;1;
93c2f7ab-cb44-4490-87e3-d610ed5f1047;WEAPONS_CONTROL2;13;3;1;2;0;4000;0;0;20;1;
46ce10b8-c921-46e7-9e99-174b28f129ee;Dual_Launcher5;17;14;2;1;0;3200;0;0;8;0;0.0;0.0;0.0;0;
0dc6cd0a-6cc1-4bf8-865c-8cb76a9d7240;MEDICAL2;12;5;2;1;0;4000;2;0;1;1;
a5cf3835-1608-425e-9ec0-b89521d8c340;MEDICAL2;3;10;2;1;0;4000;2;0;2;1;
6573a3ed-8f26-432f-80fa-bb50c0d32735;CAPACITOR3;2;11;2;1;0;6000;0;0;0;0;
aba2fb5e-b50f-4c8f-af59-e7af912446b4;CAPACITOR3;5;11;2;1;0;6000;0;0;0;0;
58aece2c-0437-403f-9afb-90b7741cbc05;CAPACITOR3;14;4;1;2;0;6000;0;0;0;0;
d004684d-1c79-4279-be07-7b666b485900;CAPACITOR3;14;2;1;2;0;6000;0;0;0;0;
e1bf72c6-f5f6-49c3-af74-e17e34390c87;REACTOR4;2;12;2;2;0;8000;0;0;47;0;1;
3651245b-964e-4af5-bf13-7119c6c34abe;SHIELDS3;16;12;2;2;0;3000;6;0;50;0;1;
f5f36cc0-d576-448e-b2cd-4c250c1c9e25;SHIELDS3;18;12;2;2;0;3000;6;0;37;0;1;
9f4bc331-5f84-4d67-a660-b4f823f08695;CAPACITOR3;9;10;2;1;0;6000;0;0;0;0;
