7cf7d549-9f3e-4624-80ce-7ec3805af898;PILOTING1;13;6;2;1;0;5000;0;0;1;1;
c38a834b-5433-4bf1-b3c1-6e852e6b8a60;REACTOR4;3;3;2;2;0;8000;0;0;38;0;1;
30ef4eec-7962-4df3-ab7f-5c7a72a40c00;OXYGEN3;2;6;2;1;0;1000;3;0;1;1;1;
e48a3660-8753-417c-9c7d-eca9945dd59b;DOOR_CONTROL2;6;6;2;1;0;2000;0;0;13;1;1;
2d34581d-c059-4db0-bcb8-df22d676748a;ENGINES7;9;6;2;1;0;2600;0;0;14;1;1;
af4a1755-ab8e-4ccd-8324-e4231ea95d54;HYPERDRIVE3;9;4;2;2;0;4000;0;0;37;0;1;
932c0b83-27a8-4a00-af16-8ff024cddac6;SHIELDS5;13;4;2;2;0;5000;10;180;38;0;1;
fc462ca5-40cd-4d2a-9eb0-7858cb527c64;GAT_LASER2;9;7;2;2;0;1200;3;495;39;0;85.0;9910.08;11171.52;0;
275ea0ad-95bd-4b37-8646-ef9202bfbd87;Basic_ML2;3;8;2;2;0;1000;1;640;40;1;82.0;10104.0;11064.0;0;
e8bcfdb5-b6ac-49a9-9414-a2e4f523fc9a;Cluster_ML1;13;7;2;2;0;1000;3;3120;37;1;84.0;10296.0;11016.0;0;
24a55df4-0ed3-409d-b03e-fb0924199ee8;WEAPONS_CONTROL2;15;6;2;1;0;4000;0;0;1;1;
c9e1e6f5-8abc-444d-8413-43640118e4c3;SENSORS2;4;7;2;1;0;2000;0;0;6;1;1;
8df3abad-4804-43cf-ab2f-5da2b294d708;CAPACITOR3;7;5;2;1;0;6000;0;0;0;0;
87220d66-7417-451b-886c-c9b475589932;BOU_TELEPORT2;11;8;2;1;0;1000;2;1600;1;1;1;
