5b98d471-36c9-44d6-a400-865937c773c9;PILOTING2;3;2;2;1;0;10000;0;0;2;1;
51cd5b8d-0a75-4225-9feb-35430a45076d;REACTOR4;5;2;2;2;0;8000;0;0;38;0;1;
c7c30b7a-407d-4754-98ee-9a38d94ecdb0;OXYGEN2;6;4;2;1;0;2000;2;0;5;1;1;
bd909b14-784d-42d7-9c16-12497298edd9;DOOR_CONTROL2;6;6;2;1;0;2000;0;0;14;1;1;
72dffa82-de7f-4744-ad95-d192d27bd74e;ENGINES4;3;5;2;1;0;2000;0;0;5;1;1;
6e774be5-d782-4f6c-9c2a-cfb9c5096b47;HYPERDRIVE3;2;3;2;2;0;4000;0;0;46;0;1;
da2552f1-921a-4df5-a4f7-7aa04dec370e;SHIELDS4;12;4;2;2;0;4000;8;0;45;0;1;
a442c01d-c099-4b5d-94af-9598cc36d0f0;BOU_Pierce_laser2;8;5;2;2;0;1500;2;504;37;0;171.0;7464.0;11448.0;0;
54c1280f-60ce-42d3-86d6-2c67e234e915;Heavy_flamer1;2;6;2;2;0;800;1;20;46;0;270.0;12936.0;8952.0;0;
6864cb59-aacd-4f68-b5ee-0f5863b04882;BOU_Heavy_Dual_laser1;5;7;2;2;0;1500;3;756;40;0;169.0;7800.0;11496.0;0;
be0f0166-8d1f-42fe-96dd-f87e9ec9b011;WEAPONS_CONTROL2;5;5;2;1;0;4000;0;0;4;1;
1bb4f7f4-5ba0-4740-a123-af5faf9ca619;SENSORS1;15;5;2;1;0;1000;0;0;1;1;1;
