7038ffc2-1f1c-4399-828e-bac1a4ed9896;PILOTING3;1;4;2;1;0;10000;0;0;1;1;
8c0f5771-25dc-4143-9c0c-03ec2a064297;REACTOR3;6;2;2;2;0;5000;0;0;52;0;1;
afdda635-ee71-4f1f-9764-6d51c6358414;SHIELDS2;6;5;2;2;0;2000;4;0;51;0;1;
b48403b4-7d57-4ed7-9f4d-9afcaea7f9f2;REPAIR1;8;4;2;1;0;2000;1;0;14;1;
c4432ffd-3c41-4131-9c80-bed95b075904;MEDICAL2;4;2;2;1;0;4000;2;0;1;1;
ed477db3-8731-4240-9e1e-13116da03ae5;ENGINES4;12;4;2;1;0;2000;0;0;1;1;1;
23ff5fee-74d8-4455-a363-b4b61a9adcc3;OXYGEN1;3;4;2;1;0;1000;1;0;16;1;1;
3b13712c-9c39-4116-9505-0b456aee31fb;HYPERDRIVE2;11;2;2;2;0;3000;0;0;37;0;1;
b1d9a415-996b-47ea-812a-9d5e61272a48;CAPACITOR3;5;4;2;1;0;6000;0;0;0;0;
3c1ca159-8f7a-408f-968b-3eddbe6a28e2;SENSORS1;4;6;2;1;0;1000;0;0;1;1;1;
32be4ec3-fc85-444a-9267-d8961e0377de;DOOR_CONTROL1;10;4;2;1;0;1000;0;0;15;1;1;
467bc3cb-6222-405b-b725-811903b01686;Dual_laser1;8;2;2;2;0;800;0;0;37;0;0.0;0.0;0.0;0;
0f1a1821-7a27-4eec-a4d6-2eec890f9907;Heavy_laser3;2;2;2;2;0;1200;0;0;47;0;0.0;0.0;0.0;0;
6a16fbc0-c175-4456-a8f7-f04a180ed8d2;MIS_SHOP;2;5;2;2;0;10000;0;0;47;1;4;32;
