8109a313-b243-4052-8dfb-7edb6fda6813;PILOTING2;13;4;2;1;0;10000;0;0;2;1;
431d2255-55b6-4c2e-ab6b-d9b963fa62dc;REACTOR4;3;3;2;2;0;8000;0;0;38;0;1;
6c75d3fe-1b88-4429-8df7-455b95e21909;OXYGEN1;13;8;2;1;0;1000;1;0;3;1;1;
05f72c15-a86a-4507-97d5-a52ae6fc724f;DOOR_CONTROL5;9;6;2;1;0;5000;0;0;14;1;1;
3bd23111-b755-4a9c-a2b5-e1de27874d10;ENGINES3;14;7;2;1;0;1800;0;0;6;1;1;
81e16520-108a-4f40-92fd-9f88d58f9cd3;HYPERDRIVE2;3;8;2;2;0;3000;0;0;40;0;1;
259c8a52-5778-4778-822a-f81924dd03bd;SHIELDS4;6;7;2;2;0;4000;8;520;45;0;1;
000f6e3c-0f4c-4b24-bad9-2f7e936ad1b8;BOU_Heavy_Dual_laser3;6;4;2;2;0;1700;3;1788;45;0;293.0;10584.0;1752.0;0;
69855179-8fc4-47c9-b2d7-63e5e7bf5b3a;BOU_Plasma_Cannon3;11;4;2;2;0;2400;5;4245;37;0;290.0;10296.0;1752.0;0;
85ebe8ad-5be9-4f61-a868-d99f0ac5c5d2;WEAPONS_CONTROL2;8;5;2;1;0;4000;0;0;2;1;
262d0fba-feef-42b2-934d-f6c8fbda2762;SENSORS4;2;6;2;1;0;4000;0;0;1;1;1;
7c71f532-810a-4eb0-8c62-9db87b91e613;CAPACITOR2;15;6;2;1;0;4000;0;0;0;0;
