b24b25c1-7456-4b91-a74f-2453f3007659;PILOTING3;10;4;2;1;0;10000;0;0;15;1;
f6011bd7-c3b9-4151-ba3f-60388cd3b884;SHIELDS3;11;5;2;2;0;3000;6;0;39;0;1;
9dbcdef6-2794-44d9-901a-9c29677ea428;REACTOR3;8;5;2;2;0;5000;0;0;39;0;1;
db1c37b6-e58c-4cbe-b32d-8b70e7528233;Dual_laser1;2;5;2;2;0;800;0;0;47;0;0.0;0.0;0.0;0;
710bd1a8-a151-4f8c-81b4-6321e4dd56dc;Dual_laser1;2;2;2;2;0;800;0;0;47;0;0.0;0.0;0.0;0;
63619de8-a92d-4955-813e-a0028d007e1b;CAPACITOR3;4;6;2;1;0;6000;0;0;0;0;
c06157f5-e6f7-4da7-8471-3947778b597d;ENGINES4;1;4;2;1;0;2000;0;0;1;1;1;
12bd6f65-de0e-4154-9639-34a679a650dc;OXYGEN1;4;2;2;1;0;1000;1;0;1;1;1;
110b23a2-c04b-4368-9bf4-283354a9dc73;SENSORS1;8;4;2;1;0;1000;0;0;14;1;1;
6b0580d3-f039-4d11-8c16-c8ba166a17a8;DOOR_CONTROL1;3;4;2;1;0;1000;0;0;16;1;1;
6b5773a4-bacd-4229-970f-f397b24d1ffe;HYPERDRIVE2;6;2;2;2;0;3000;0;0;52;0;1;
724ed3bc-363d-48a8-aaef-a9047e14ba4c;DRONE_SHOP2;12;4;2;1;0;10000;0;0;1;1;5;11;
41d90f64-df36-455b-a2ec-0c5c9fcb73d5;REPAIR2;11;2;2;2;0;2000;1;0;37;1;
23990852-654c-42d1-803f-a761f47f21f6;MIS_SHOP2;5;4;2;1;0;10000;0;0;13;1;3;19;
