8fa5dbde-fb9d-4134-9a8c-144ad4c26bf0;PILOTING3;12;4;2;1;0;10000;0;0;1;1;
75f4a4bb-6fa9-48b6-93aa-865aff350e9a;REACTOR3;6;2;2;2;0;5000;0;0;52;0;1;
76324a7c-a6a4-44f8-a3b4-4a66632bf2c7;Dual_laser1;8;2;2;2;0;800;0;0;37;0;0.0;0.0;0.0;0;
7a5c5ca0-6bb1-49f6-a600-4b1ee8c47fb2;Dual_laser1;8;5;2;2;0;800;0;0;39;0;0.0;0.0;0.0;0;
ccff8de9-6e3b-4948-8b63-995ab167d8b9;CAPACITOR3;5;4;2;1;0;6000;0;0;0;0;
96cbaa12-0d4e-4c6a-9875-5aace0e4d017;OXYGEN1;8;4;2;1;0;1000;1;0;14;1;1;
3a4df938-3ade-450e-9e73-8a92f9662da4;SENSORS1;3;4;2;1;0;1000;0;0;16;1;1;
aa5bc8f3-b554-4d9a-a514-6d2f2f481077;DOOR_CONTROL1;4;2;2;1;0;1000;0;0;1;1;1;
720dcee1-5cbd-49d3-863c-39273fd2f78a;HYPERDRIVE2;6;5;2;2;0;3000;0;0;51;0;1;
ffa26178-f15f-4c93-bc64-bfb2d4da3eba;MEDICAL1;10;4;2;1;0;2000;1;0;15;1;
9839f1dc-0590-43ca-aa59-22b27e52f171;ENGINES3;4;6;2;1;0;1800;0;0;1;1;1;
87e84b3b-a114-4b8f-8ed0-0a850ec3ecc5;SHIELDS3;11;5;2;2;0;3000;6;0;39;0;1;
7491c004-bd54-4c95-8569-a0e35435a04e;DRONE_SHOP;11;2;2;2;0;10000;0;0;37;1;3;11;
46e9b010-5fe3-4c76-b4ea-42cb58ffb2b6;DRONE_SHOP2;1;4;2;1;0;10000;0;0;1;1;2;16;
