8a81f2b6-cd71-4b57-9b13-cff4976fedf6;PILOTING3;12;4;2;1;0;10000;0;0;1;1;
cd55816a-ef9d-40c7-b1c8-a18e3ff23f53;REACTOR3;8;5;2;2;0;5000;0;0;39;0;1;
08c27a78-c453-4dbb-b34b-8815b1b96388;Dual_laser1;8;2;2;2;0;800;2;1440;37;1;101.0;2808.0;11352.0;0;
8aad75ea-dbb9-4a3a-a44b-e38506acfa8a;Dual_laser1;6;2;2;2;0;800;2;1440;52;1;102.0;2568.0;11544.0;0;
7d8bbbfd-ba03-4c07-85dd-bf022b46b71b;CAPACITOR3;3;4;2;1;0;6000;0;0;0;0;
c91d2d3e-ddc9-4f66-acde-52141f76cf81;OXYGEN1;4;2;2;1;0;1000;1;0;1;1;1;
483e0c28-91da-42ee-824d-30dcab214c22;SENSORS1;10;4;2;1;0;1000;0;0;15;1;1;
122e57da-2926-49e1-8ac6-0d08c93a7564;DOOR_CONTROL1;8;4;2;1;0;1000;0;0;14;1;1;
69be6cac-cfc5-4da4-9fd5-1b8265f713d5;HYPERDRIVE1;6;5;2;2;0;1000;0;0;51;0;1;
1d47e633-89ea-489c-bbcc-c492b46a1e98;MEDICAL1;5;4;2;1;0;2000;1;0;13;1;
2609e7a1-d73a-4b70-a8fb-b5392b974537;ENGINES2;1;4;2;1;0;1400;0;0;1;1;1;
f34fc611-649b-4211-a37e-72ffc96b5bcb;SHIELDS3;2;5;2;2;0;3000;6;0;47;0;1;
4f408731-515a-47c2-8be0-813bebab493a;REPAIR2;2;2;2;2;0;2000;1;0;47;1;
58e45f06-cf4d-4a47-8226-01cf451ff160;REPAIR1;4;6;2;1;0;2000;1;0;1;1;
