272cd6f2-2b0e-46fc-b4ef-0604ec3b4ecb;PILOTING2;12;4;2;1;0;10000;0;0;1;1;
b1edc00d-79e6-462d-aca9-a7d93c6e1882;REACTOR4;8;5;2;2;0;8000;0;0;39;0;1;
4c7cc58a-19c8-4572-93f3-c0d3a95eeca9;OXYGEN2;4;6;2;1;0;2000;2;0;1;1;1;
363513a1-bba4-4b55-a098-eac3ac812156;DOOR_CONTROL1;4;2;2;1;0;1000;0;0;1;1;1;
3fac8f6f-2799-4334-9dfb-7635f6f9b036;ENGINES5;1;4;2;1;0;2200;0;0;1;1;1;
a392a4d8-b2fc-41f9-882c-e048f98ca576;HYPERDRIVE3;2;5;2;2;0;4000;0;0;47;0;1;
02b2501b-c745-4efe-85f3-c838befd1966;SHIELDS4;2;2;2;2;0;4000;8;0;47;0;1;
ad316759-c7e2-45f5-8814-62dddf1acd94;BOU_Pierce_laser2;11;2;2;2;0;1500;2;1440;37;1;85.0;8760.0;9576.0;0;
07e6d87b-c624-4f7f-a5c6-69a71b7321e0;Dual_Launcher1;11;5;2;2;0;1700;3;2640;39;1;87.0;8664.0;9672.0;0;
f82e3257-b236-46d3-93f4-059e225f1d31;Pierce_laser3;8;2;2;2;0;1700;2;1360;37;1;85.0;8664.0;9672.0;0;
2ca0eb9d-22a8-4639-9a46-93603632ad13;WEAPONS_CONTROL1;3;4;2;1;0;2000;0;0;16;1;
c271f440-7801-42f1-8b6f-04fff0318ef4;SENSORS2;8;4;2;1;0;2000;0;0;14;1;1;
be8dc77e-9cac-414f-9a08-697f6f1b2be5;MEDICAL3;5;4;2;1;0;6000;3;0;13;1;
