509be87b-f73b-4aa3-a0d8-805610e24b0d;PILOTING4;19;12;1;2;1;0;0;0;21;1;
a6d953cf-e19d-4b54-ab1b-d59d8f97e891;SHIELDS1;8;4;2;2;0;1000;2;0;37;0;1;
72f46a25-2b6d-4b46-aa66-e6d95f137993;REACTOR3;2;12;2;2;0;3000;0;0;39;0;1;
bde33541-21ed-4ab8-b567-1d352ea948ea;DOOR_CONTROL1;4;9;2;1;0;1000;0;0;1;1;1;
b1a1fb00-5528-4852-a44a-fbb7589ec7c1;OXYGEN1;10;3;1;2;0;1000;1;0;26;1;1;
ed0a4ecb-c7d6-499e-91d4-3e7364a6428f;SENSORS1;13;3;1;2;0;1000;0;0;26;1;1;
adb0d495-483f-4c12-94a9-c1ed43ce13d9;MEDICAL3;11;2;2;2;0;6000;3;0;45;1;
1f8a26ad-f43e-42b6-b744-66afb0355aa0;PARTS_LAB;18;12;1;2;1;0;1;0;26;0;
e47780df-c48e-4381-945f-dc3dc354c586;REPAIR1;11;6;1;2;0;2000;1;0;19;1;
74bc1815-b2b2-4ae7-8950-b98d9ff4a324;CAPACITOR1;14;2;1;2;0;2000;0;0;0;0;
c75f1000-ede4-4fc5-a0af-9aa0bd451a94;CAPACITOR1;14;4;1;2;0;2000;0;0;0;0;
79da4922-2d9f-4d12-875e-f1f2e102e585;CAPACITOR3;2;10;1;2;0;6000;0;0;0;0;
6074da6a-fb22-4df1-bd4a-1ea3a5884e85;TEST_LAB;16;12;2;2;1;0;0;0;45;1;99;none:none:none:none:none:none:;
e4d3b7ba-6c07-4b26-9e98-654b583be530;MEDICAL3;8;2;2;2;0;6000;3;0;38;1;
3aae951a-9db2-4e31-b296-e1a6bed86d6c;OXYGEN1;7;10;2;1;0;1000;1;0;1;1;1;
93709092-89a7-46a8-8cc5-c94742eb2930;CAPACITOR3;5;13;2;1;0;6000;0;0;0;0;
