c4ffab3b-6e7f-4cca-92b4-bc79a8a68655;PILOTING1;11;6;2;1;0;5000;0;0;16;1;
8a2de7fc-7434-448d-b5f5-65a32db18e4d;REACTOR4;6;4;2;2;0;8000;0;0;45;0;1;
e72c448e-96d0-4b91-bb46-5c1e4620bfa4;OXYGEN3;13;4;2;1;0;1000;3;0;2;1;1;
625714a9-0f6f-4f6e-9cb7-fb2d2a8eb30e;DOOR_CONTROL3;4;5;2;1;0;3000;0;0;11;1;1;
47bb91c6-bcaa-43b6-8dbd-ec67641be5bb;ENGINES8;13;6;2;1;0;2800;0;0;1;1;1;
ad19a1b5-56f3-4362-beac-0eb91d596975;HYPERDRIVE3;11;7;2;2;0;4000;0;0;39;0;1;
a6a67b70-3eca-4909-bbea-c50428bb7a72;SHIELDS5;3;8;2;2;0;5000;10;0;40;0;1;
530ffd4b-f297-4215-9485-7589c5e9f015;Plasma_Cannon1;3;3;2;2;0;2000;5;5600;38;1;0.0;0.0;0.0;0;
a1a2570b-cc08-4ce7-9b34-d49991890881;BOU_Heavy_Dual_flamer1;11;4;2;2;0;1300;3;2400;37;1;0.0;0.0;0.0;0;
d3528f2d-4cc0-4d6b-b182-97d87f8e05e0;WEAPONS_CONTROL1;4;6;2;1;0;2000;0;0;13;1;
69f23142-cab0-4ca0-ae90-951c14b6a93b;SENSORS4;4;7;2;1;0;4000;0;0;9;1;1;
ac9b4976-d944-4dea-99b7-1073a57b7b07;CAPACITOR5;14;7;2;1;0;14000;0;0;0;0;
