dd6e547c-efa5-44da-b445-cebd46f81451;PILOTING2;8;4;2;1;0;10000;0;0;2;1;
1954c712-b039-4333-b174-ad61631b2ece;REACTOR4;2;7;2;2;0;8000;0;0;40;0;1;
989ccd12-89f4-4a1b-a045-9c7b35f674d9;OXYGEN2;2;6;2;1;0;2000;2;0;2;1;1;
d936fad5-8d0d-4cec-8c54-ba8d1a12c65d;DOOR_CONTROL3;2;4;2;1;0;3000;0;0;3;1;1;
9620355f-55b4-482f-94c0-f2ff011c9d5f;ENGINES5;7;5;2;1;0;2200;0;0;13;1;1;
066843d6-a316-429c-826b-ae249b5b7a81;HYPERDRIVE1;12;6;2;2;0;1000;0;0;38;0;1;
ad5246b6-fac2-4351-a58e-d2ff10db387a;SHIELDS4;12;3;2;2;0;4000;8;1192;37;0;1;
2f70cd4f-a13f-444c-a4c8-bf5ba555a9d2;Heavy_laser2;5;2;2;2;0;1000;1;468;37;0;145.0;504.0;10344.0;0;
aea97444-1689-4966-96c2-fe373e0e8abc;Heavy_Dual_laser2;5;7;2;2;0;1700;3;348;39;0;143.0;600.0;10488.0;0;
05d4a9d1-4ae2-44cc-93ea-1994cd5db22b;BOU_Heavy_laser2;2;2;2;2;0;1000;1;171;38;0;145.0;504.0;10344.0;0;
b8453719-14bb-44ae-8aa4-51cbd06dc3c6;WEAPONS_CONTROL1;10;6;2;1;0;2000;0;0;2;1;
e24599a1-5804-43d7-bdcd-d1e4af32bf9f;SENSORS2;4;4;2;1;0;2000;0;0;13;1;1;
