f2d7553e-a793-440d-8939-4a0fe92c7a03;PILOTING2;15;6;2;1;0;10000;0;0;5;1;
e0e03d01-bcc6-4d86-8040-e346b73fb7ba;REACTOR4;11;4;2;2;0;8000;0;0;37;0;1;
0117e351-288a-4a79-8ba8-b40f71b6e0a5;OXYGEN1;4;5;2;1;0;1000;1;0;11;1;1;
a2481150-9d5c-441a-abce-48cd3de55a1c;DOOR_CONTROL5;4;7;2;1;0;5000;0;0;9;1;1;
681d88b3-e40c-40e8-a5c5-283f5049f5e3;ENGINES3;9;6;2;1;0;1800;0;0;14;1;1;
48f257f0-ab86-4e51-a096-c12d47b2dacf;HYPERDRIVE1;3;3;2;2;0;1000;0;0;38;0;1;
60adf5b8-dc7d-4801-a4b1-2c3c3f2d7d17;SHIELDS5;6;4;2;2;0;5000;10;0;45;0;1;
b15d1729-3e77-4c4d-b008-a0bbffde8e3c;Railgun2;6;7;2;2;0;1600;0;0;45;0;0.0;0.0;0.0;0;
3e67d59b-5615-455f-b37c-aaa00d42ec73;BOU_Heavy_laser4;11;7;2;2;0;1400;0;0;39;0;0.0;0.0;0.0;0;
f159dd1a-af9b-4058-b22c-b082e03f9c2f;BOU_Plasma_Cannon3;3;8;2;2;0;2400;0;0;40;0;0.0;0.0;0.0;0;
4978169f-7fe1-4266-8e5a-39df0e35b74b;WEAPONS_CONTROL1;13;6;2;1;0;2000;0;0;1;1;
72d3f9d3-48d1-47ea-95af-55f98cf16e22;SENSORS2;8;5;2;1;0;2000;0;0;2;1;1;
b64fbe89-4816-462d-81c3-1ac2ded09075;CAPACITOR2;8;7;2;1;0;4000;0;0;0;0;
322a5a65-1bb7-4555-9c9b-d11b9f01cc6f;BOU_TELEPORT2;13;4;2;1;0;1000;2;1600;2;1;1;
