3707f3d4-fdc9-449d-9003-aad4e05365fa;PILOTING2;4;6;2;1;0;10000;0;0;13;1;
8d0d1009-75d4-47fd-9193-f57b4c9fc4c7;REACTOR4;11;4;2;2;0;8000;0;0;37;0;1;
d3534996-8d54-4092-b54e-6c593e6176c8;OXYGEN1;4;7;2;1;0;1000;1;0;9;1;1;
e0659d58-32df-4eb4-81b4-6913d5a5423e;DOOR_CONTROL3;13;6;2;1;0;3000;0;0;1;1;1;
e961dd75-942c-4e9c-bdfa-168c9bda96ac;ENGINES8;9;6;2;1;0;2800;0;0;14;1;1;
867b52d2-2af6-4c1b-815e-44eaf3df5e3a;HYPERDRIVE4;3;8;2;2;0;5000;0;0;40;0;1;
9bd9385e-ddd0-4c3e-b440-5538da8691db;SHIELDS1;11;7;2;2;0;1000;2;0;39;0;1;
8ee430e0-6701-4a45-bb9b-19cb9de98b19;BOU_Single_emp3;6;4;2;2;0;1300;0;0;45;0;0.0;0.0;0.0;0;
89345e84-dfc3-43cd-a4b1-ab9fadfaf134;Hull_Breaker1;3;3;2;2;0;1700;0;0;38;0;0.0;0.0;0.0;0;
0f770d14-9ac6-4dee-a89d-285ad8d1428f;WEAPONS_CONTROL1;14;7;2;1;0;2000;0;0;6;1;
1e0047a2-9562-4b00-982f-ac84f4619f8c;SENSORS4;8;5;2;1;0;4000;0;0;2;1;1;
d20d4418-4adb-465f-a429-c22baa9fc762;CAPACITOR2;2;6;2;1;0;4000;0;0;0;0;
