47e2986b-d821-46fa-add2-945c61ce354d;PILOTING3;10;4;2;1;0;10000;0;0;15;1;
7826fa6f-1924-4920-be61-edf7fd153a93;REACTOR3;8;5;2;2;0;5000;0;0;39;0;1;
7cc13252-2e87-40e1-8e91-398e9b384278;SHIELDS3;11;2;2;2;0;3000;6;0;37;0;1;
bfb6aeb7-42f7-40e6-8b75-f9a0474a87f5;Dual_laser1;2;2;2;2;0;800;0;0;47;0;0.0;0.0;0.0;0;
3ae363d5-72b7-46af-a557-26532d7107af;Dual_laser1;6;2;2;2;0;800;0;0;52;0;0.0;0.0;0.0;0;
f2063dff-d2ff-414f-a45f-f7d955aed3b1;CAPACITOR3;4;6;2;1;0;6000;0;0;0;0;
cedf0cf9-db2f-434f-9ddb-13bb838c3c32;OXYGEN1;3;4;2;1;0;1000;1;0;16;1;1;
199965b5-ba36-4c9f-8127-681df4e1567e;SENSORS1;1;4;2;1;0;1000;0;0;1;1;1;
01f64afd-ec38-4f94-ab54-d24eb97cda1d;DOOR_CONTROL1;4;2;2;1;0;1000;0;0;1;1;1;
25062283-e05f-4d5a-ad9d-873dbc8e3bed;HYPERDRIVE2;6;5;2;2;0;3000;0;0;51;0;1;
bbf6f524-a120-4884-a25a-2419a970aa88;REPAIR1;5;4;2;1;0;2000;1;0;13;1;
74d4837e-a1a3-4d65-a637-be6abed9f8d6;MEDICAL1;8;4;2;1;0;2000;1;0;14;1;
0201c771-3d19-4b90-9894-468af35d6261;ENGINES3;12;4;2;1;0;1800;0;0;1;1;1;
7f973718-299d-4951-81b6-a78873d6fe96;MIS_SHOP;2;5;2;2;0;10000;0;0;47;1;4;37;
