a5d81058-cf70-4e31-bfc2-8f853315e379;PILOTING3;4;2;2;1;0;10000;0;0;1;1;
0ce95078-dbbb-4a2e-9085-9544aafa77ec;REACTOR3;11;5;2;2;0;5000;0;0;39;0;1;
c924d1f2-63c8-43e0-89c9-2a9853228137;SHIELDS3;2;5;2;2;0;3000;6;0;47;0;1;
de69e2b6-5110-4781-8b5c-b2d5d80df596;Dual_laser1;8;5;2;2;0;800;0;0;39;0;0.0;0.0;0.0;0;
be15f4e6-c930-4ac0-acb2-184d6bc6db97;Dual_laser1;11;2;2;2;0;800;0;0;37;0;0.0;0.0;0.0;0;
f35ca0be-b910-4723-903f-1f3461aaa756;CAPACITOR3;4;6;2;1;0;6000;0;0;0;0;
5cdd7c9f-6f8d-4470-aa40-a0af2ae694b6;OXYGEN1;3;4;2;1;0;1000;1;0;16;1;1;
c681a1ca-86e9-4c68-b4b8-bc4443b109ac;SENSORS1;5;4;2;1;0;1000;0;0;13;1;1;
0d55cb29-f539-4631-a783-5b61f61315a2;DOOR_CONTROL1;8;4;2;1;0;1000;0;0;14;1;1;
3959c213-f514-4692-9bf3-8fd2c10548a1;HYPERDRIVE2;6;5;2;2;0;3000;0;0;51;0;1;
5ed69f3a-d316-4436-bc6c-b798f817c243;REPAIR1;1;4;2;1;0;2000;1;0;1;1;
d637d45f-fbcc-414c-8330-691ee70f030a;MEDICAL1;10;4;2;1;0;2000;1;0;15;1;
f9b6d076-ad12-47bb-9be1-2f3bc9b20b00;ENGINES3;12;4;2;1;0;1800;0;0;1;1;1;
64ad25e7-644a-4e41-b4c9-50b042edd622;MIS_SHOP;8;2;2;2;0;10000;0;0;37;1;3;12;
