82bcbec6-859d-4765-983d-dd58add32d42;PILOTING2;4;7;2;1;0;10000;0;0;1;1;
fd695df5-dd9b-4b83-a271-5b8efd0ddc1d;REACTOR4;14;4;2;2;0;8000;0;0;37;0;1;
ea320484-9429-4197-beac-11d95d5625cf;OXYGEN1;11;4;2;1;0;1000;1;0;1;1;1;
682ad7c3-809c-421d-9779-dbad7ae06181;DOOR_CONTROL2;7;4;2;1;0;2000;0;0;2;1;1;
eefca433-2c59-48a9-8b45-140e5c8ed7f6;ENGINES3;4;3;2;1;0;1800;0;0;1;1;1;
1141be82-cc3c-41c5-b59b-1be3f3da0ebb;HYPERDRIVE1;2;3;2;2;0;1000;0;0;47;0;1;
9f5839a3-317e-4429-8f82-2363cd73d3c6;SHIELDS4;7;5;2;2;0;4000;8;0;51;0;1;
bb99ea1f-ba06-4946-b3b3-adddb8234274;BOU_Railgun2;12;5;2;2;0;1600;3;1902;40;0;247.0;8568.0;2424.0;0;
ec824dfb-bcc6-4f07-ab7f-b0a85d0b7816;BOU_Dual_emp1;2;6;2;2;0;900;2;1440;47;1;254.0;8808.0;2280.0;0;
04e27b23-558f-4c38-b899-d8c523e8f57d;Basic_laser2;9;4;2;2;0;1000;1;447;59;0;248.0;8520.0;2424.0;0;
a5afecc3-495d-450c-9968-4c8aa9bf9d1b;WEAPONS_CONTROL2;10;6;2;1;0;4000;0;0;14;1;
3b3c6375-11f7-4d38-9bf5-670eca764e4d;SENSORS2;3;5;2;1;0;2000;0;0;14;1;1;
