8870705e-5deb-46ed-9231-0c749b5b20b6;PILOTING1;4;6;2;1;0;5000;0;0;1;1;
7a408792-f5d2-489f-a85b-10e3f35b4811;REACTOR4;6;5;2;2;0;8000;0;0;51;0;1;
9ff524ba-a4ad-4b61-adc5-745a6fea9a36;OXYGEN2;5;4;2;1;0;2000;2;0;13;1;1;
90878591-11bc-4c79-aae0-a87f5b64df55;DOOR_CONTROL2;3;4;2;1;0;2000;0;0;16;1;1;
8eb7bc5d-dc4b-4405-9ac7-f235d3f28db9;ENGINES4;1;4;2;1;0;2000;0;0;1;1;1;
ee9a9e74-19ee-4fb7-a1db-e89adfa076c3;HYPERDRIVE2;2;2;2;2;0;3000;0;0;47;0;1;
a23d1b81-c4ef-4fc7-94ee-75a4309b35b7;SHIELDS3;6;2;2;2;0;3000;6;0;52;0;1;
fb776749-eb77-4ca1-a666-cb53187d5045;Dual_laser3;11;2;2;2;0;1200;0;0;37;0;0.0;0.0;0.0;0;
6785d9a0-1e26-4e17-a660-ae555b455456;Pierce_laser3;8;5;2;2;0;1700;0;0;39;0;0.0;0.0;0.0;0;
3fc38c6c-4c59-452b-9aea-62f295c8dc68;WEAPONS_CONTROL2;8;4;2;1;0;4000;0;0;14;1;
7d59615a-cdc7-44a0-965d-8e8fc504fa6b;SENSORS3;10;4;2;1;0;2000;0;0;15;1;1;
fd31bd68-8741-4538-aefb-43abb50a0b9f;MEDICAL3;4;2;2;1;0;6000;3;0;1;1;
