a067a8fd-9c29-47e0-b65e-5b19bc8dac5a;PILOTING3;4;2;2;1;0;10000;0;0;1;1;
c697a5f7-6de1-4700-8290-010c2ac11e7f;SHIELDS3;8;5;2;2;0;3000;6;0;39;0;1;
5ba7863b-8d61-44ab-b8e8-29d56aa51ab8;REACTOR3;2;5;2;2;0;5000;0;0;47;0;1;
11c5792c-8a1d-4594-b8bb-bbfdcd33d2fe;Dual_laser1;8;2;2;2;0;800;0;0;37;0;0.0;0.0;0.0;0;
8d0773df-5726-4346-bd04-a2040b50bf08;Dual_laser1;11;2;2;2;0;800;0;0;37;0;0.0;0.0;0.0;0;
0167a735-6145-48a4-9366-2fc5c3c63e6c;CAPACITOR3;12;4;2;1;0;6000;0;0;0;0;
ff38328c-0368-438e-8f0a-ba724d9253d9;ENGINES4;1;4;2;1;0;2000;0;0;1;1;1;
a2125365-840e-4803-b5f6-afa744a4a5d9;OXYGEN1;5;4;2;1;0;1000;1;0;13;1;1;
2de3c220-5418-4924-a796-10810ec2aa7d;SENSORS1;4;6;2;1;0;1000;0;0;1;1;1;
2085cea5-35af-4366-b7d1-cf8dec0d88ed;DOOR_CONTROL1;3;4;2;1;0;1000;0;0;16;1;1;
f86044e4-8776-467e-9048-8bd2edaa710d;HYPERDRIVE2;6;2;2;2;0;3000;0;0;52;0;1;
2dc66ba2-2a27-41ef-839c-0c0917669ed5;DRONE_SHOP2;8;4;2;1;0;10000;0;0;14;1;3;11;
173d94f5-2561-4502-9271-b2a0e756188c;REPAIR2;11;5;2;2;0;2000;1;0;39;1;
c9d7e9b6-15f6-4454-aa53-4d57323cf1c1;MIS_SHOP2;10;4;2;1;0;10000;0;0;15;1;3;12;
