8f771552-edbb-4b2f-8ea5-2df484bc12b1;PILOTING1;2;6;2;1;0;5000;0;0;2;1;
04f6e29a-03ca-4a05-81bd-49a1de2b3b48;REACTOR4;2;7;2;2;0;8000;0;0;40;0;1;
5f80b3b7-15ba-47e9-83e9-ca1bf6a2f16a;OXYGEN1;7;5;2;1;0;1000;1;0;13;1;1;
f0d4eabe-cd2d-4e5f-93b5-dd83e5bb88dc;DOOR_CONTROL1;2;4;2;1;0;1000;0;0;3;1;1;
454bd3e4-d9ea-40eb-85d8-f6ecf1faf45f;ENGINES4;8;4;2;1;0;2000;0;0;2;1;1;
bd6ba84a-40d9-4aef-87b4-05d342a1f256;HYPERDRIVE1;5;7;2;2;0;1000;0;0;39;0;1;
79d12a14-2c5e-4e52-ae81-8c9e37f1a94b;SHIELDS2;5;2;2;2;0;2000;4;0;37;0;1;
44048838-b635-419d-a5b8-86ce226e96df;Pierce_laser3;12;3;2;2;0;1700;0;0;37;0;0.0;0.0;0.0;0;
e17a2bc9-d0ef-416e-98a5-bf4d2886e33e;Basic_laser1;2;2;2;2;0;800;0;0;38;0;0.0;0.0;0.0;0;
1b461903-82b1-410c-8e57-8908fbbcd4e5;Pierce_laser2;12;6;2;2;0;1500;0;0;38;0;0.0;0.0;0.0;0;
e459c274-ec43-4995-b4b4-e48eee3c5ac3;WEAPONS_CONTROL1;5;5;2;1;0;2000;0;0;14;1;
96760de7-5d95-4f9b-838e-b223ff1d8fa5;SENSORS1;4;4;2;1;0;1000;0;0;13;1;1;
