f26a134d-1065-4a13-9969-a948d3422d26;PILOTING3;10;4;2;1;0;8200;0;0;15;1;
8959c681-574c-4ea1-926e-f2fd91a2f328;SHIELDS3;2;5;2;2;0;3000;6;0;47;0;1;
d3c38854-ae15-451c-a247-5bf88fa023e2;REACTOR3;6;5;2;2;0;1100;0;0;51;0;1;
1832a2bc-856c-4862-826b-71cd948e6ee0;Dual_laser1;8;5;2;2;0;800;0;0;39;0;0.0;0.0;0.0;0;
72c0c53b-9e76-475b-84d3-0a3fb00d0805;Dual_laser1;8;2;2;2;0;800;0;0;37;0;0.0;0.0;0.0;0;
24e7d2fc-c614-4cc4-a255-44d786a3cbc9;CAPACITOR3;12;4;2;1;0;6000;0;0;0;0;
0daecf94-c384-4528-9313-3b1220e282f6;ENGINES4;8;4;2;1;0;2000;0;0;14;1;1;
0d215e1e-444a-4bdd-82a5-c961c59dd5af;OXYGEN1;3;4;2;1;0;1000;1;0;16;1;1;
c11abe03-d8fe-4be3-a319-d07acb9352ce;SENSORS1;1;4;2;1;1;0;0;0;1;1;1;
4e6ae159-82c4-4935-8349-4a47f7d7ffdc;DOOR_CONTROL1;4;2;2;1;0;942;0;0;1;1;1;
f4ebd29c-c5c9-4d4f-8908-47bfb2e26a77;HYPERDRIVE2;6;2;2;2;0;1488;0;0;52;0;1;
f588554b-e615-4b44-a8ec-ecf051b07165;DRONE_SHOP2;5;4;2;1;1;0;0;0;13;1;3;13;
6b63fa19-c403-455b-a7bb-7ecd6f1f64e7;REPAIR2;2;2;2;2;0;2000;1;0;47;1;
2a052f8c-6168-4494-803c-201bcd5cf11f;MIS_SHOP2;4;6;2;1;0;3000;0;0;1;1;5;12;
