bafcdf8e-2242-46e5-b1b7-4ec67cb0f107;SHIELDS4;14;2;2;2;0;4000;8;0;38;0;1;
5b830bd9-0b68-42e1-99d3-cdbeedacd6f6;SHIELDS4;5;2;2;2;0;4000;8;0;37;0;1;
afc11fb1-8619-4b6b-ae90-ecea6cc9dbbb;SHIELDS4;5;15;2;2;0;4000;8;0;38;0;1;
91d80241-af00-402e-8953-f831aa2d7f26;SHIELDS4;14;15;2;2;0;4000;8;0;37;0;1;
d13373dd-bd3c-4bdf-a42a-7036f8c05166;REACTOR3;17;7;2;2;0;5000;0;0;41;0;1;
9ee06572-1981-4d08-8ceb-e5e798acbc5d;REACTOR3;17;10;2;2;0;5000;0;0;42;0;1;
6346f525-8142-489f-a70f-12cd04420ea6;REACTOR3;2;7;2;2;0;5000;0;0;42;0;1;
b1cb78d1-6360-4066-ac87-642db34dd016;REACTOR3;2;10;2;2;0;5000;0;0;41;0;1;
0ed562d8-45be-4261-bc7c-75ae513e23fe;REPAIR2;11;7;2;2;0;2000;1;0;38;1;
3fdc0ccd-4613-4c7e-bbdb-60af7fc1cd50;OXYGEN3;14;9;2;1;0;1000;3;0;1;1;1;
29bf5030-9cad-49a8-bc8d-dd472097c595;OXYGEN3;5;9;2;1;0;1000;3;0;1;1;1;
e986cad8-850f-424e-80c9-47e9654081ac;DOOR_CONTROL5;8;10;2;2;0;5000;0;0;39;1;1;
08767ce7-f393-40d4-b57f-284bf6911749;Heavy_laser2;18;5;1;2;0;1000;0;0;19;0;0.0;0.0;0.0;0;
875f963f-141e-4bbd-adc4-c48f09dd2d30;Heavy_laser2;18;12;1;2;0;1000;0;0;19;0;0.0;0.0;0.0;0;
05782e3a-4d09-446c-90a0-55f036ab6342;Heavy_Dual_laser1;2;4;2;1;0;1800;0;0;2;0;0.0;0.0;0.0;0;
8781797b-f4a2-406d-a3ac-2bbd917e3749;SENSORS4;17;14;2;1;0;4000;0;0;3;1;1;
e5733314-f058-4d8d-8b58-0f3c1bd18e56;PILOTING3;8;7;2;2;0;10000;0;0;37;1;
07801e52-cccb-400e-abfa-c5874cec370f;WEAPONS_CONTROL1;11;10;2;2;0;6000;0;0;40;1;
c02bc858-c584-4cf9-aa98-7710df5fccc5;Dual_Launcher1;2;14;2;1;0;2200;0;0;3;0;0.0;0.0;0.0;0;
06928b0b-1796-4bee-8d15-8b01472d305d;CAPACITOR3;17;4;2;1;0;6000;0;0;0;0;
f7c7cdbd-ea58-4c96-854e-10748e463c9a;CAPACITOR3;4;14;1;2;0;6000;0;0;0;0;
b879ea4f-253a-4415-8ec3-04b3a043670e;CAPACITOR3;2;5;1;2;0;6000;0;0;0;0;
