8f267bac-eacf-4092-bcca-5fc100623d6b;FALCON_REACTOR;5;7;2;2;0;23000;0;0;38;0;21;
f6ee189e-38e2-404c-9fa7-6e3992da06fb;FALCON_ENGINES;4;6;1;2;0;1600;0;0;20;1;2;
4163c732-532a-4a4b-ba09-473eb99112dc;WEAPONS_CONTROL1;16;8;2;1;0;2000;0;0;3;1;
9d056e7e-e6e0-4619-9122-6b853deb8510;FALCON_SHIELDS;17;6;2;2;0;5000;10;0;57;0;5;
8283be7f-861f-4ce0-8910-72febb701289;CAPACITOR1;10;8;1;2;0;2000;0;0;0;0;
b6ec7de0-9a70-4fc4-8adc-8e468a072c86;FALCON_HD;9;6;2;2;0;4600;0;0;46;0;7;
f716e54e-24d2-4800-99be-ca5e4eac03b5;PILOTING2;15;7;1;2;0;10000;0;0;24;1;
2bd712e8-26ce-48a6-a3dd-20c8d554b7ef;DOOR_CONTROL4;10;4;1;2;0;4000;0;0;31;1;1;
84227f72-4a17-46a1-860c-c42136419840;PILOTING2;16;5;2;1;0;10000;0;0;2;1;
ac484323-1d8e-4411-83c1-3b179dad3f73;SENSORS2;19;6;1;2;0;2000;0;0;22;1;1;
561f57d8-dc69-4fd3-8124-8fcf37dc4f62;OXYGEN1;12;7;1;2;0;1000;1;0;20;1;1;
ff60159f-b65c-485b-8c15-d7d469abed63;CAPACITOR3;7;8;2;1;0;6000;0;0;0;0;
dcac3fd7-0f35-46a3-8bab-12aa27706979;TELEPORT1;5;5;2;2;0;1000;2;1600;37;1;1;
0309d911-3f61-4590-9445-12e1a0cf0b79;EMP_BEAM2;8;9;2;2;0;1200;4;4320;47;1;0.0;0.0;0.0;0;
43aa2747-780f-4594-8dae-65cdac282bd8;Triple_laser1;8;3;2;2;0;1500;3;2520;49;1;0.0;0.0;0.0;0;
2446bf71-0c42-485c-b59b-2a7129d6f0a7;GAT_LASER2;20;6;2;2;0;1200;3;2640;37;1;0.0;0.0;0.0;0;
d5a72cf3-ba1a-485d-a25f-b5bb3a92a3a1;RAD_BEAM2;13;6;2;2;0;1500;2;1760;45;1;0.0;0.0;0.0;0;
af846755-b755-4810-b859-1c6730c00bb0;MEDICAL2;12;5;1;2;0;4000;1;0;20;1;
