dadda082-0c2c-4319-8c9d-690e8b0c2545;REACTOR6;2;1;2;2;0;10000;0;0;52;0;1;
3d6b79b7-f712-4458-8ae0-a288bb387c7d;PILOTING2;14;2;1;2;0;10000;0;0;22;1;
4d0c1b4e-2fbd-4b40-89b3-df1d7069f3c1;WEAPONS_CONTROL2;13;2;1;2;0;4000;0;0;34;1;
0735943c-cfa3-4324-9e72-066b4f2302b3;CAPACITOR5;9;2;1;2;0;14000;0;0;0;0;
3cba58a6-3616-4603-ad9a-5f2922aecfae;SUPER_SENSORS;10;2;1;2;0;5000;0;0;33;1;1;
2b801217-a358-4641-80a5-ee25828d1535;DOOR_CONTROL5;1;1;1;2;0;5000;0;0;20;1;1;
da05083d-3d00-460b-b216-6570f969c872;DF_HD;2;3;2;2;0;10000;0;0;51;0;1;
a97aea5f-ef16-4186-9309-3b954b57fcc6;SUPER_SHIELDS;15;2;2;2;0;3000;0;0;45;0;1;
53a123c6-96fe-46c8-b2bd-f0404463ce08;ENGINES8;1;3;1;2;0;2800;0;0;20;1;1;
4e23955d-8555-4eee-b320-a6586721c322;Cluster_ML5;17;2;2;2;0;2100;4;3520;37;1;0.0;0.0;0.0;0;
a6b1c54a-5e1a-43ca-af05-5d645d084bc5;OXYGEN3;10;4;2;1;0;1000;3;0;3;1;1;
38751e49-251d-4ffe-abbf-221b57d7a197;MEDICAL3;10;1;2;1;0;6000;3;0;2;1;
b557462f-1253-424f-8f10-e98de7dcd88f;TELEPORT2;4;2;2;1;0;1000;2;1600;17;1;1;
7510f8d8-186f-4979-9254-8a7224812411;CLOAK2;4;1;2;1;0;2000;0;0;2;0;1;
5ee1481b-d6b5-4d32-882c-f6e1a6b7ecbf;REPAIR1;8;2;1;2;0;2000;1;0;26;1;
649c42cd-9deb-436c-9b04-e009ea6cb16c;Pierce_laser5;11;2;2;2;0;2100;2;1280;38;1;0.0;0.0;0.0;0;
661b9a8e-efea-4f31-a481-9014979992ab;MIS_SHOP2;4;3;2;1;0;10000;0;0;15;1;2;15;
8ce200ab-94a8-4d32-ba8a-eb00aa66df72;SYS_SHOP2;4;4;2;1;0;10000;0;0;3;1;181;Basic_laser2:MEDICAL2:CAPACITOR4:none:Heavy_Dual_flamer2:none:Napalm3:none:none:Plasma_Cannon2:none:DOOR_CONTROL3:PILOTING2:SENSORS2:none:CAPACITOR5:Advanced_ML4:Pierce_laser3:;
36d36b49-9f54-4a4b-b4b7-de21daa6e873;Quad_laser5;6;1;2;2;0;3200;4;3040;52;1;0.0;0.0;0.0;0;
06920322-b53a-4977-a18a-5574992efeda;Plasma_Cannon5;6;3;2;2;0;3000;5;4600;51;1;0.0;0.0;0.0;0;
