8e4ef472-f9b2-467f-864e-6ba1dc766353;PILOTING1;8;5;2;1;0;5000;0;0;2;1;
aed00717-c4ab-43bc-868e-2dd740f765b7;REACTOR4;6;7;2;2;0;8000;0;0;45;0;1;
019d68eb-6c29-4e11-8fde-28e93cdec530;OXYGEN2;15;6;2;1;0;2000;2;0;5;1;1;
9d39f5d4-1c5b-46bb-b091-1540d7a7a11b;DOOR_CONTROL3;8;7;2;1;0;3000;0;0;3;1;1;
15817ee0-4c70-4c95-893f-47dcfdb6ee7d;ENGINES7;4;7;2;1;0;2600;0;0;9;1;1;
fc28bc1c-b84f-4a71-bbf8-64ea18f34b0e;HYPERDRIVE1;11;4;2;2;0;1000;0;0;37;0;1;
447b6947-9b92-4a3d-9998-a7f1b6203992;SHIELDS1;11;7;2;2;0;1000;2;0;39;0;1;
0cd556e5-9888-4ebb-a04b-cdd470477aa8;Heavy_flamer2;3;8;2;2;0;1000;0;0;40;0;0.0;0.0;0.0;0;
6e82faee-5fe9-449c-a547-00118d62b7d0;BOU_Heavy_laser4;6;4;2;2;0;1400;0;0;45;0;0.0;0.0;0.0;0;
2a061d08-9c9c-4107-8e74-e21c5539f5e1;WEAPONS_CONTROL2;2;6;2;1;0;4000;0;0;1;1;
a2135ab9-00ad-4e39-ac42-250c44946877;SENSORS4;4;5;2;1;0;4000;0;0;11;1;1;
baaec5cb-80d2-43d3-bc5b-f3023cf95d49;CAPACITOR5;13;6;2;1;0;14000;0;0;0;0;
