3838e8fd-f7e4-4768-9beb-b7bee0665509;PILOTING3;4;6;2;1;0;10000;0;0;1;1;
fb5f7ffc-af58-4886-9bd0-1f3cf055883d;REACTOR3;8;2;2;2;0;5000;0;0;37;0;1;
08d8a47f-4be2-4736-9513-2e24c007790f;Dual_laser1;8;5;2;2;0;800;0;0;39;0;0.0;0.0;0.0;0;
af76fb5d-dd0e-4b40-b742-65a9008dd30a;Dual_laser1;2;5;2;2;0;800;0;0;47;0;0.0;0.0;0.0;0;
3a06427e-ab90-49af-a049-54a52196b208;CAPACITOR3;3;4;2;1;0;6000;0;0;0;0;
7e57848e-91c7-43ac-8df2-54cb15e00d7c;OXYGEN1;12;4;2;1;0;1000;1;0;1;1;1;
ad9e717d-52d5-4425-a5c4-4ca70450d23a;SENSORS1;4;2;2;1;0;1000;0;0;1;1;1;
7fa83766-f998-41f0-95df-e0e5c657404b;DOOR_CONTROL1;5;4;2;1;0;1000;0;0;13;1;1;
13189de4-f6c4-41c6-9132-31e07371b0c5;HYPERDRIVE2;11;2;2;2;0;3000;0;0;37;0;1;
4df671fd-a33a-4e39-a806-77441a31f2fe;MEDICAL1;8;4;2;1;0;2000;1;0;14;1;
b6f2816c-bcbb-46b9-97d6-335f306a2d24;ENGINES3;10;4;2;1;0;1800;0;0;15;1;1;
692fd3da-b670-459f-9ace-0896defee50a;SHIELDS3;11;5;2;2;0;3000;6;0;39;0;1;
63311361-5714-4557-b937-752d699bf54b;MIS_SHOP2;1;4;2;1;0;10000;0;0;1;1;3;16;
