2f0ca5c1-71e5-493a-863d-61fc75c3ea2f;Emp1;17;2;2;2;0;1000;0;0;37;0;0.0;0.0;0.0;0;
5c4a1825-91b2-4116-bc92-229bd77626c4;PILOTING2;14;2;1;2;0;10000;0;0;22;1;
ac51a620-45c3-4c99-a894-85050d0ab8e7;SHIELDS3;15;2;2;2;0;3000;6;972;45;0;1;
540fdc50-53be-4ec6-be85-505a8500a3b4;WEAPONS_CONTROL2;13;2;1;2;0;4000;0;0;34;1;
2fc55ff7-a672-4552-8b27-c7eb19c20f00;Heavy_Dual_laser2;11;2;2;2;0;1700;0;0;38;0;0.0;0.0;0.0;0;
89032c58-80b3-4ae3-b2f0-079d4deb13c6;OXYGEN2;10;4;2;1;0;2000;0;0;3;0;1;
c3511598-ebe1-4982-99dc-692321793eb7;SENSORS3;10;2;1;2;0;2000;0;0;33;1;1;
aebb5969-d989-4184-b78d-793e8503c507;MEDICAL2;10;1;2;1;0;4000;0;0;2;0;
2fd52525-3a33-469f-a054-a1eec64f88e7;Heavy_laser3;6;1;2;2;0;1200;0;0;52;0;0.0;0.0;0.0;0;
767e30f9-5511-40f4-9096-9b4b81e31b1e;Heavy_laser3;6;3;2;2;0;1200;0;0;51;0;0.0;0.0;0.0;0;
36491b11-4730-4e9f-b40e-31fcfc97bdf1;CAPACITOR3;9;2;1;2;0;6000;0;0;0;0;
5ee0788f-569e-48be-b83c-496fc90b610b;REPAIR1;8;2;1;2;0;2000;0;0;26;0;
c39d1602-d414-4a7c-a850-4e70cf2b23b9;ENGINES3;1;3;1;2;0;1800;0;0;20;1;1;
38db835c-4558-4bba-8cf4-58d725b716ae;DOOR_CONTROL3;1;1;1;2;0;3000;0;0;20;1;1;
c7eb19c7-e629-4c1e-b746-adce3e78c4d8;HYPERDRIVE2;4;3;2;2;0;3000;0;0;51;0;1;
6b26bff3-8277-479b-86ba-3d35505c1ea1;HYPERDRIVE2;2;1;2;2;0;3000;0;0;52;0;1;
a0e36443-968a-4e23-91c1-ce39c97cecfb;QUANTUM_REACTOR;2;3;2;2;0;5000;0;0;51;0;1;
14edc473-8077-48bb-a8d0-fbec27fb7d5f;QUANTUM_REACTOR;4;1;2;2;0;5000;0;0;52;0;1;
