7b068c9f-1cba-435f-ae8f-b1fe86c8ec92;PILOTING3;10;4;2;1;0;10000;0;0;15;1;
ab9ae2ee-3679-4bc4-b3ab-627ebc079f57;REACTOR3;11;5;2;2;0;5000;0;0;39;0;1;
ce259a65-21c3-45fb-9dc8-2aefa6840c50;SHIELDS3;6;2;2;2;0;3000;6;0;52;0;1;
629a5597-a60f-492b-9aea-da05bfb12d61;Dual_laser1;6;5;2;2;0;800;2;1440;51;1;139.0;1128.0;4632.0;0;
05138dd8-a770-4094-a4d5-408ac99e4fc1;Dual_laser1;2;2;2;2;0;800;2;1440;47;1;141.0;744.0;4776.0;0;
9f614d66-38b1-4f0b-b6e6-f0e6df85fd1b;CAPACITOR3;1;4;2;1;0;6000;0;0;0;0;
ae909f3f-e863-44e9-b4b1-7bc728d8c38d;OXYGEN1;5;4;2;1;0;1000;1;0;13;1;1;
f3d5b71f-7daa-4a59-bf6a-9d32e021da09;SENSORS1;8;4;2;1;0;1000;0;0;14;1;1;
b8b4ecd1-f200-475c-b9c9-40c99a143756;DOOR_CONTROL1;4;6;2;1;0;1000;0;0;1;1;1;
88119f8b-faff-4b83-adb1-0e36b1d84afd;HYPERDRIVE2;2;5;2;2;0;3000;0;0;47;0;1;
9ce9827f-482a-4d9c-9122-d3621edfc4b6;REPAIR1;12;4;2;1;0;2000;1;0;1;1;
257f15bc-a6f6-4f71-81ee-9bc7d43413d7;MEDICAL1;3;4;2;1;0;2000;1;0;16;1;
2a1158c6-90ac-48e4-adf4-fb91fa7a84ee;ENGINES3;4;2;2;1;0;1800;0;0;1;1;1;
5d7c9742-e886-461f-93d4-623ed46a7f87;MIS_SHOP;8;5;2;2;0;10000;0;0;39;1;2;21;
