a616eb57-989b-4ed3-b503-569d05fe2f3e;PILOTING3;4;2;2;1;0;10000;0;0;1;1;
8716ea3b-30ea-477a-ad29-7d7db324aec3;REACTOR3;6;5;2;2;0;5000;0;0;51;0;1;
a1aebec4-0ac7-46a3-a0c9-69e7f0cdd572;Dual_laser1;11;5;2;2;0;800;0;0;39;0;0.0;0.0;0.0;0;
46b7004e-1ec7-4670-b07f-f7d272ebe611;Dual_laser1;6;2;2;2;0;800;0;0;52;0;0.0;0.0;0.0;0;
66371d48-5454-4855-8bd0-c278f1b2dc9e;CAPACITOR3;3;4;2;1;0;6000;0;0;0;0;
c2ec1fde-fa4c-4772-806e-1dfc535e9423;OXYGEN1;10;4;2;1;0;1000;1;0;15;1;1;
c3e67c27-231a-4e75-b117-b47cb5944eaf;SENSORS1;1;4;2;1;0;1000;0;0;1;1;1;
c7a5897a-a9a9-4b7b-a8e6-7a247126be94;DOOR_CONTROL1;4;6;2;1;0;1000;0;0;1;1;1;
054683d8-4bbb-4005-b9ca-0422065a08cb;HYPERDRIVE2;8;5;2;2;0;3000;0;0;39;0;1;
70bc5975-ec79-4cef-a7ba-fe57e0e76e59;MEDICAL1;12;4;2;1;0;2000;1;0;1;1;
a1f391a0-ee7b-4dbf-97ed-8e0f5cc7f203;ENGINES3;5;4;2;1;0;1800;0;0;13;1;1;
83c8187f-85a8-47e1-a900-d80918be52df;SHIELDS3;11;2;2;2;0;3000;6;0;37;0;1;
6f524bb9-364b-42eb-891a-c21df4f596fb;DRONE_SHOP;8;2;2;2;0;10000;0;0;37;1;3;12;
75455733-c033-4202-9887-37aebc049306;DRONE_SHOP2;8;4;2;1;0;10000;0;0;14;1;2;10;
