65e39bd2-cf17-43d0-b09a-d4fdfa80ccab;PILOTING1;4;7;2;1;0;5000;0;0;1;1;
a002cc26-1e91-4826-a84f-2df37cddb690;REACTOR4;2;6;2;2;0;8000;0;0;47;0;1;
81c52e23-5373-47ca-9bce-fdc6913f2b61;OXYGEN1;7;4;2;1;0;1000;1;0;2;1;1;
d5a05907-2fda-43d9-80f7-ce0a327f5d7c;DOOR_CONTROL1;11;4;2;1;0;1000;0;0;1;1;1;
49125f05-b648-4e9c-980d-1df6e67a8d60;ENGINES5;3;5;2;1;0;2200;0;0;14;1;1;
afebc96a-8e01-477a-bc49-36b866f40a03;HYPERDRIVE2;2;3;2;2;0;3000;0;0;47;0;1;
fdcaacec-36c2-4a9c-bc89-25501adbc297;SHIELDS3;12;5;2;2;0;3000;6;0;40;0;1;
7561f492-7f4d-4775-a4df-92c13d9f85c4;BOU_Dual_laser1;14;4;2;2;0;800;0;0;37;0;0.0;0.0;0.0;0;
6e3e7ffa-5ff3-4f47-a178-789b3a359a46;BOU_Heavy_laser2;7;5;2;2;0;1000;0;0;51;0;0.0;0.0;0.0;0;
6530244f-1303-4259-8251-e9f4b9eb803b;Advanced_ML1;9;4;2;2;0;1200;0;0;59;0;0.0;0.0;0.0;0;
a53b2e3c-11f0-4117-b00f-b0b2c8c40150;WEAPONS_CONTROL2;10;6;2;1;0;4000;0;0;14;1;
96d50e42-8e24-4931-9a81-d6552cfbda1b;SENSORS3;4;3;2;1;0;2000;0;0;1;1;1;
