4ad1a539-a579-4ef9-9148-4cd1f208ea65;PILOTING1;3;2;2;1;0;5000;0;0;2;1;
13f84edc-3465-45cf-873c-4467f67b5035;REACTOR4;8;5;2;2;0;8000;0;0;37;0;1;
a69c7edb-8ea5-4805-937a-24233c5fc78b;OXYGEN1;6;6;2;1;0;1000;1;0;14;1;1;
3254c7ed-0838-4070-83e5-152ef3dd3c86;DOOR_CONTROL3;3;5;2;1;0;3000;0;0;5;1;1;
32c688d9-c14e-48b0-933b-e3cd1958e42a;ENGINES3;6;4;2;1;0;1800;0;0;5;1;1;
92ce69ac-1188-4ffc-9446-82ebcfb4d1d4;HYPERDRIVE2;5;2;2;2;0;3000;0;0;38;0;1;
5b4abc70-043d-49ea-af33-7823041917bb;SHIELDS4;2;6;2;2;0;4000;8;0;46;0;1;
23f5423c-2533-4d68-9594-7a1b244266ac;Heavy_Dual_laser2;2;3;2;2;0;1700;3;2280;46;1;150.0;1416.0;7272.0;0;
43bd8de6-2622-4704-8e55-12a0e1318e4e;BOU_Heavy_laser2;12;4;2;2;0;1000;1;600;45;1;151.0;1512.0;7320.0;0;
0058cd48-8714-4046-9983-d6f04911a50a;BOU_Dual_laser1;5;7;2;2;0;800;2;1440;40;1;149.0;1752.0;7224.0;0;
66379aff-31bf-4b8f-b3d7-8c4cefbccc2f;WEAPONS_CONTROL1;15;5;2;1;0;2000;0;0;1;1;
bd7eccb0-e28a-461c-b432-6e4bee0c2c62;SENSORS1;10;5;2;1;0;1000;0;0;1;1;1;
