2b2478ea-dfa5-43c6-bbd9-696612b65923;PILOTING2;10;6;2;1;0;10000;0;0;14;1;
ee1b8a82-9a54-4bc4-b14a-8e998e5929d6;REACTOR4;2;6;2;2;0;8000;0;0;47;0;1;
e5c26245-cad9-4788-a318-b33798fc60bc;OXYGEN1;7;4;2;1;0;1000;1;0;2;1;1;
b917d746-96bc-4954-84f4-5c162800ba10;DOOR_CONTROL2;4;7;2;1;0;2000;0;0;1;1;1;
d354ef08-39cf-468d-9244-42bd0e28500c;ENGINES4;3;5;2;1;0;2000;0;0;14;1;1;
d3032dfe-7957-4aea-9c66-335d77a17077;HYPERDRIVE3;12;5;2;2;0;4000;0;0;40;0;1;
d5d41688-6740-4146-81fb-0038d1a4517f;SHIELDS4;7;5;2;2;0;4000;8;0;51;0;1;
f9a1584a-3e78-4278-bf0b-dda7eef42f18;Basic_ML4;14;4;2;2;0;1400;1;560;37;1;29.0;10920.0;7608.0;0;
bd965aac-ab78-4755-b1b8-835280fd9b1a;BOU_Heavy_Dual_flamer2;2;3;2;2;0;1500;3;2280;47;1;27.0;10776.0;7512.0;0;
28c34903-7204-4328-84d7-62f3f4323f37;Heavy_laser2;9;4;2;2;0;1000;1;537;59;0;46.0;11544.0;11640.0;0;
2ae1dc0b-584c-4492-9bba-920318af736a;WEAPONS_CONTROL2;11;4;2;1;0;4000;0;0;1;1;
90e5d1a9-1457-4d95-9294-e00e95448f74;SENSORS3;5;5;2;1;0;2000;0;0;1;1;1;
