73eccc07-8645-4108-bb09-92eedbdbfa78;PILOTING3;12;4;2;1;0;10000;0;0;1;1;
2305dca8-b493-47f6-aa63-402f3555335e;SHIELDS3;11;2;2;2;0;3000;6;0;37;0;1;
899bef2a-6160-4be9-80b8-965342f8b6f6;REACTOR3;8;5;2;2;0;5000;0;0;39;0;1;
a9276358-ea23-4347-9d23-620771bccc32;Dual_laser1;2;2;2;2;0;800;0;0;47;0;0.0;0.0;0.0;0;
030901bf-9a6f-4fc5-b35a-86994ea5a08b;Dual_laser1;11;5;2;2;0;800;0;0;39;0;0.0;0.0;0.0;0;
aec3c44e-95e2-4406-92de-72fe82e10bf0;CAPACITOR3;3;4;2;1;0;6000;0;0;0;0;
b126a6cb-2949-4619-b4ff-71fcd4457375;ENGINES4;8;4;2;1;0;2000;0;0;14;1;1;
e9875d21-149d-4fd9-a107-bfd51a0fe8b2;OXYGEN1;4;6;2;1;0;1000;1;0;1;1;1;
d35276a7-e993-43a3-b1b0-ca54c23df362;SENSORS1;4;2;2;1;0;1000;0;0;1;1;1;
ab292b57-44ea-4598-b099-5e74edade1d7;DOOR_CONTROL1;1;4;2;1;0;1000;0;0;1;1;1;
dcaac11f-f3fb-48da-90e0-7adea5f5eac3;HYPERDRIVE2;8;2;2;2;0;3000;0;0;37;0;1;
51867b1d-0ec2-465a-aeb1-6a9c58cb70b9;DRONE_SHOP2;10;4;2;1;0;10000;0;0;15;1;4;12;
973fdde7-09ab-48d7-97b6-b49871cc4af1;REPAIR2;2;5;2;2;0;2000;1;0;47;1;
9423e849-4e7d-46a8-a2b2-bb7a46f38216;MIS_SHOP2;5;4;2;1;0;10000;0;0;13;1;3;6;
