bee5cc1f-f1af-4cbb-978c-cd2005b9185e;PILOTING3;10;4;2;1;0;10000;0;0;15;1;
546ef8d1-1300-43d9-a552-23bd278c994f;SHIELDS3;8;2;2;2;0;3000;6;0;37;0;1;
685cc27f-e797-4485-a370-4581ce780143;REACTOR3;8;5;2;2;0;5000;0;0;39;0;1;
53575a07-530c-4dee-85f5-174fdc2438f5;Dual_laser1;6;5;2;2;0;800;2;1440;51;1;348.0;9672.0;9288.0;0;
7c74cc7b-487c-4686-83a2-b8e8d6667237;Dual_laser1;11;2;2;2;0;800;2;1440;37;1;347.0;9576.0;9336.0;0;
a3796945-3dce-4c5e-b32e-49ebda84aa9f;CAPACITOR3;4;6;2;1;0;6000;0;0;0;0;
1da06e0c-ba67-4468-9eb7-dbedbfd3b341;ENGINES4;8;4;2;1;0;2000;0;0;14;1;1;
5d2bfa2b-c517-4834-9277-463c3aa35b61;OXYGEN1;1;4;2;1;0;1000;1;0;1;1;1;
d46a4005-2570-4527-a877-028bcd24ac51;SENSORS1;12;4;2;1;0;1000;0;0;1;1;1;
b9ceb28c-0e14-4874-9192-c15aed3aa178;DOOR_CONTROL1;4;2;2;1;0;1000;0;0;1;1;1;
6460e32a-5216-4539-8dea-6db52ff682b1;HYPERDRIVE2;2;2;2;2;0;3000;0;0;47;0;1;
e14ff0d8-b868-46a7-be41-bed15c296c51;DRONE_SHOP2;5;4;2;1;0;10000;0;0;13;1;2;12;
5db4087c-84b8-4ee6-917b-86ecf767a6e5;REPAIR2;2;5;2;2;0;2000;1;0;47;1;
624bdd1c-7e24-4b90-9344-9b6033ddc532;MIS_SHOP2;3;4;2;1;0;10000;0;0;16;1;3;5;
